0.97017777
0.97007096
0.9376706
0.9304854
0.89190036
0.8839085
0.8810316
0.8697146
0.86375564
0.8429315
0.8186896
0.81854635
0.8091398
0.8015022
0.7841228
0.77005386
0.73959714
0.71734405
0.71557873
0.67400604
0.66645133
0.66138035
0.64733255
0.62979615
0.62514853
0.6078132
0.6067614
0.6018641
0.5670621
0.5372
0.5169141
0.50857526
0.4774709
0.4651706
0.4586993
0.4200492
0.38142577
0.3515442
0.34795192
0.34762278
0.34282932
0.3354216
0.3327991
0.32739368
0.32294437
0.3211773
0.31844273
0.31555095
0.29371923
0.26435325
0.24130513
0.23985773
0.23380966
0.20744677
0.2005216
0.19532757
0.18945183
0.18248203
0.17134993
0.15376906
0.14797838
0.11990139
0.11437966
0.105993554
0.10269545
0.09640992
0.095879294
0.095116474
0.089289434
0.06817847
0.057456404
0.05312936
0.0470266
0.045870915
0.03927526
0.038253825
0.036875732
0.034040663
0.0337189
0.032914847
0.028695043
0.028568713
0.02663586
0.017332058
0.017272191
0.015166233
0.0146423
0.013869187
0.009952932
0.008044546
0.0076364744
0.0074003343
0.0063388655
0.0059074806
0.0055298232
0.0045911414
0.004167101
0.0026754176
0.001941946
0.0003853986
