0.99857676
0.99131083
0.9909339
0.98382366
0.9809008
0.9745411
0.9736143
0.9656321
0.96111745
0.95906633
0.95846146
0.9575092
0.9506877
0.94981927
0.9463898
0.9450976
0.9386435
0.9370911
0.9362774
0.93448746
0.9337652
0.93297464
0.9323913
0.9317849
0.9291032
0.928691
0.92620826
0.92100304
0.91906655
0.91830355
0.9171391
0.9164991
0.9158408
0.9157329
0.91568255
0.912618
0.9110548
0.9099966
0.9082493
0.90811545
0.90670234
0.90658313
0.9056349
0.90488696
0.90469015
0.9040355
0.9018245
0.89817435
0.89655465
0.89451253
0.8937908
0.8808453
0.880399
0.87905914
0.87389964
0.8721301
0.8714427
0.8692298
0.8673663
0.8653363
0.86416554
0.86370903
0.85711896
0.8501153
0.84925735
0.8491095
0.8485687
0.8475718
0.842494
0.83518606
0.83469284
0.8339113
0.8333046
0.83309704
0.82966614
0.82596743
0.82554203
0.8253488
0.82405925
0.82190514
0.8217896
0.8217608
0.8209485
0.8200735
0.8192386
0.8190026
0.81893224
0.81843114
0.8153401
0.81452364
0.8139027
0.81169766
0.8112765
0.81086755
0.80986685
0.8071055
0.8047856
0.80406296
0.8027338
0.80117315
0.79682493
0.7955242
0.79465854
0.79453355
0.79331434
0.79176855
0.79151624
0.79064536
0.79011655
0.78967416
0.78966874
0.78790385
0.7863098
0.78485113
0.7833318
0.78327787
0.78158224
0.78069866
0.77886766
0.7783345
0.77726907
0.7757844
0.7739805
0.77364504
0.7731039
0.770886
0.77056783
0.7703638
0.770218
0.76811045
0.7667864
0.7660043
0.76463056
0.763514
0.76152575
0.760393
0.76015264
0.7593718
0.75901264
0.75708556
0.75683135
0.75561005
0.7542811
0.7497342
0.7495059
0.7490034
0.74587804
0.74438524
0.7392759
0.7385657
0.73839015
0.73833966
0.73551357
0.7324817
0.7321024
0.72949225
0.72749305
0.7273293
0.7230247
0.7224399
0.72100353
0.7172432
0.71512455
0.7117462
0.71168554
0.71138674
0.71083826
0.7083429
0.7072208
0.706384
0.70593125
0.70286036
0.7027016
0.7018034
0.6997448
0.6975278
0.69569355
0.6948649
0.6942017
0.6927603
0.6903851
0.6897243
0.6896051
0.68881166
0.6876061
0.6868524
0.68378896
0.68311274
0.68295354
0.68172735
0.680572
0.6802067
0.67954284
0.67814106
0.6776804
0.67392164
0.6739003
0.670608
0.6700628
0.6691493
0.66723096
0.66609734
0.66449535
0.66167456
0.65920013
0.65850353
0.6568828
0.65417755
0.65135205
0.65119517
0.65062296
0.65023696
0.64982474
0.64822274
0.6474855
0.64689505
0.6464816
0.6453845
0.64449525
0.644037
0.64402544
0.6431829
0.640502
0.6400403
0.63981026
0.63857746
0.63794214
0.63718927
0.636944
0.63574517
0.6355152
0.63374287
0.6333217
0.6331786
0.62959623
0.6287719
0.62513936
0.6235877
0.62103206
0.6197421
0.617595
0.6166045
0.6151236
0.614589
0.61284953
0.61253303
0.6118276
0.61063814
0.60963243
0.6095955
0.6079139
0.6076898
0.6067537
0.6060569
0.60560596
0.605141
0.60504925
0.6045314
0.60448176
0.6033955
0.6022216
0.6017833
0.6003649
0.5986507
0.5978573
0.5942497
0.59119445
0.5871953
0.58666676
0.5851331
0.5837332
0.5822176
0.5800671
0.57907784
0.5790741
0.5770445
0.576316
0.57584566
0.5747289
0.572382
0.5721694
0.57043374
0.5687849
0.5683155
0.5678518
0.56781095
0.5672243
0.56629753
0.5650694
0.56345797
0.56181854
0.55982065
0.5580119
0.5570247
0.55601305
0.5554198
0.55527616
0.5550592
0.5510873
0.5510303
0.5496552
0.54926825
0.54838365
0.54674566
0.5434279
0.54275274
0.5421999
0.54043126
0.5320039
0.53176683
0.5307934
0.52692735
0.52558213
0.5250669
0.524898
0.52353835
0.5218357
0.5202668
0.51773345
0.5164462
0.5157836
0.5141053
0.5132403
0.5132019
0.5127975
0.5115411
0.51102245
0.5108913
0.50933987
0.5079628
0.5060276
0.5052158
0.50208664
0.50106037
0.50000125
0.4974772
0.4953529
0.4935833
0.49329036
0.4922901
0.48641795
0.48522025
0.484137
0.48218122
0.48161134
0.4811217
0.48077932
0.48031092
0.47810656
0.47716922
0.47625798
0.475217
0.47426116
0.47393844
0.47082737
0.47062284
0.47022364
0.4668093
0.46657574
0.46278238
0.4619824
0.45918167
0.4591592
0.45786327
0.45620382
0.45571586
0.45485488
0.44893417
0.4479655
0.44776434
0.44494167
0.4361078
0.43550697
0.4329467
0.4318334
0.43067712
0.42981178
0.42877626
0.42862296
0.42747378
0.4269203
0.42649052
0.4249327
0.42481372
0.42426777
0.42413372
0.41991028
0.4188311
0.41806
0.4179924
0.4175865
0.41693306
0.41491547
0.4142599
0.41228396
0.41223583
0.41180545
0.41163293
0.41104034
0.41094786
0.41040128
0.40841854
0.40105894
0.3996285
0.39456633
0.39375067
0.39322385
0.3901286
0.38890797
0.3887506
0.3881443
0.3874356
0.3856325
0.38536036
0.3794498
0.3771638
0.37591866
0.37568867
0.37443605
0.3739356
0.37311175
0.36778378
0.36762387
0.36703324
0.35972312
0.35790044
0.35737288
0.35342383
0.35169187
0.35037857
0.34772286
0.34595677
0.34586787
0.3444097
0.3389667
0.33781043
0.33667198
0.3330957
0.33281207
0.3327751
0.33148178
0.33103603
0.32907677
0.32831824
0.3281649
0.32707292
0.3235669
0.3233047
0.32250676
0.32204607
0.32075202
0.3197763
0.3092298
0.30912656
0.30853552
0.3079621
0.3072874
0.30236316
0.30236125
0.29899347
0.2979299
0.29388973
0.29295623
0.2922985
0.28930676
0.2876727
0.28583136
0.28472131
0.28292897
0.2819083
0.28170303
0.27977225
0.2767171
0.27579606
0.27485594
0.27395663
0.2727014
0.27161932
0.27149108
0.2693208
0.26849958
0.26496607
0.26474968
0.26450163
0.2613838
0.26088902
0.25909358
0.25896803
0.25713894
0.25685272
0.25670716
0.25561053
0.2546284
0.2529145
0.25180915
0.2507384
0.2505963
0.250009
0.24843778
0.24695195
0.24673288
0.24556999
0.24515603
0.2429855
0.24142964
0.24129297
0.23686099
0.23322389
0.23002529
0.22965609
0.22862296
0.22642857
0.2263792
0.22552961
0.22391808
0.2235773
0.22146545
0.21825314
0.21466284
0.21382871
0.21277077
0.21160324
0.20962913
0.20941126
0.20916764
0.207678
0.20451646
0.20390576
0.20287365
0.20166343
0.20092452
0.20003343
0.19927962
0.19761355
0.19649597
0.19575019
0.19491418
0.19359322
0.19250245
0.1909259
0.18942504
0.18933001
0.18789715
0.18684077
0.18667032
0.18546923
0.18005125
0.17908525
0.1682828
0.16667981
0.16637078
0.16551442
0.15803303
0.15759164
0.15655467
0.15611756
0.15484487
0.1535514
0.1522142
0.15009797
0.14829493
0.14697087
0.14641559
0.14590827
0.14551882
0.14263286
0.14167346
0.13742423
0.13710593
0.13604225
0.13549782
0.13405542
0.13264523
0.13195714
0.1312754
0.13050021
0.12878527
0.12787212
0.12711096
0.12603754
0.12473666
0.12472678
0.12431431
0.118475065
0.11747227
0.11743181
0.11629482
0.115838975
0.11336503
0.11327801
0.11249068
0.11056983
0.10899802
0.10766124
0.10747084
0.105447866
0.10362743
0.10309756
0.102933675
0.10131086
0.09991066
0.09976144
0.09858176
0.09830534
0.097029336
0.09682889
0.09620957
0.09236577
0.09226073
0.091852814
0.09110548
0.090178914
0.089467436
0.08928425
0.088548236
0.08744054
0.08699249
0.08596063
0.085611865
0.08525605
0.08475526
0.08429249
0.082310446
0.08068091
0.08066895
0.080583155
0.07940816
0.07884572
0.07876968
0.077741295
0.07637176
0.075255
0.07486377
0.07452777
0.073794186
0.07369182
0.07322241
0.07244232
0.07215218
0.0721501
0.071827345
0.071326956
0.07082347
0.07023271
0.06850933
0.06747056
0.067152545
0.06710345
0.065532625
0.064946175
0.06481096
0.06454921
0.063434884
0.06335177
0.06247125
0.062307876
0.0613227
0.06081821
0.060675975
0.05924367
0.05870903
0.05790213
0.057450227
0.05732454
0.057258684
0.057073027
0.057072513
0.056555893
0.056214843
0.055999927
0.05583291
0.055603854
0.055116966
0.05499637
0.054702435
0.054392613
0.054024458
0.05344046
0.053362835
0.053014677
0.05256436
0.051652674
0.051311433
0.05035216
0.049983013
0.049594164
0.048181195
0.048118014
0.047712762
0.047649156
0.047623143
0.0475497
0.047172982
0.04686963
0.04660889
0.046281118
0.045787927
0.045739416
0.04524605
0.045193635
0.044622816
0.04396856
0.043840304
0.04377764
0.04346699
0.041715182
0.040999953
0.03989463
0.03989111
0.038910497
0.03890246
0.037586488
0.03708496
0.036672864
0.03640447
0.036168043
0.035314433
0.03529155
0.035152603
0.034941938
0.034831554
0.0344567
0.03375786
0.03349085
0.033084087
0.03299427
0.032658122
0.03235495
0.031946253
0.0314015
0.031258162
0.031200476
0.03112935
0.030965587
0.030572632
0.03049391
0.029905733
0.029632293
0.02942513
0.028658854
0.028351365
0.027822059
0.02777967
0.02690618
0.026695
0.026454335
0.026417553
0.026080547
0.025481813
0.024526963
0.024464805
0.024332507
0.024219817
0.024151811
0.023734203
0.023678528
0.023036832
0.022837097
0.022674127
0.022656497
0.022441784
0.022309083
0.021824053
0.021376438
0.021225072
0.021035936
0.020948915
0.020436479
0.020405417
0.020271802
0.020140449
0.01958199
0.01955331
0.01949474
0.019308962
0.01917993
0.019153431
0.019149177
0.01870903
0.018464541
0.017860541
0.017859232
0.017808609
0.017470352
0.017356642
0.017300185
0.017255997
0.017103195
0.016541352
0.016498726
0.016297026
0.016006716
0.015714422
0.01567129
0.015633916
0.015487937
0.015262154
0.015017379
0.014905784
0.014803877
0.014716711
0.014667079
0.014473439
0.014400293
0.014223525
0.014211629
0.014197038
0.01382429
0.013688401
0.013632342
0.01361143
0.013528246
0.013376599
0.013244708
0.013033064
0.01298619
0.012688389
0.012504507
0.012388553
0.012258108
0.012170855
0.01193051
0.011765603
0.011555574
0.011519912
0.011172531
0.011024885
0.010958974
0.0108022075
0.010801445
0.010742898
0.010710147
0.01063747
0.010269989
0.010237155
0.01020662
0.010203646
0.010194957
0.010160332
0.010148867
0.010029858
0.009865317
0.0098545365
0.009776819
0.00970553
0.0095983995
0.009527691
0.009466134
0.009422623
0.009405822
0.00929041
0.009268333
0.0092287315
0.009045819
0.008973813
0.008728229
0.008602676
0.008483452
0.0080747055
0.00800246
0.007921118
0.007685003
0.007645389
0.007543767
0.007371606
0.007317962
0.007309998
0.007305665
0.0072303717
0.0070737195
0.0068817507
0.006866529
0.0067810565
0.0066193333
0.0066011283
0.006227942
0.006227077
0.0061987867
0.0061797723
0.0060583325
0.006051737
0.0060177417
0.0059223454
0.0056057326
0.0055433316
0.0055041383
0.0053870967
0.005108272
0.005039554
0.0049610655
0.004893828
0.0046905903
0.00468488
0.0046387212
0.00454854
0.0045019286
0.004431634
0.004412296
0.004294572
0.0042162035
0.00409509
0.0040364577
0.003997523
0.0039380733
0.0039137937
0.0039058644
0.003896041
0.0037331432
0.0036388843
0.003621762
0.0034903628
0.003469971
0.0034361123
0.0032795244
0.0032534162
0.0031891125
0.0030192507
0.0029431575
0.0027987114
0.0027817255
0.0027699599
0.0027675978
0.0027097207
0.002519191
0.002386759
0.0023637582
0.0022707884
0.0022505587
0.0022109633
0.0021758187
0.002171629
0.002137128
0.0021185742
0.002082054
0.002034725
0.001999448
0.001987639
0.0019768816
0.0019698136
0.001886891
0.0017823654
0.001617131
0.001464195
0.0014593292
0.0014225307
0.001392947
0.0012827627
0.0011777793
0.0011637977
0.0011499492
0.0011385613
0.0011210782
0.0010168643
0.0009910713
0.0009773102
0.00092869817
0.00092245336
0.0008860562
0.00088089355
0.000775294
0.0007627728
0.0007482145
0.0006872002
0.00067869184
0.0006757192
0.0006687274
0.0006660957
0.00063500897
0.00062983384
0.0005932975
0.0005572508
0.0005565764
0.00053537247
0.0005096469
0.00049550197
0.00044428295
0.0004227082
0.00039886142
0.00035801163
0.00033018336
0.00028901172
0.00028445147
0.00024939273
0.00024387677
0.00022977954
0.00020116442
0.00020048766
0.00019748896
0.00019588215
0.00019332327
0.000189494
0.00011212793
9.916657e-05
8.915179e-05
6.95515e-05
6.104277e-05
5.0300852e-05
4.7689664e-05
3.3321492e-05
9.18243e-06
