0.994993
0.940589
0.933580
0.927056
0.903684
0.888003
0.875263
0.823443
0.818983
0.809110
0.769427
0.765066
0.760797
0.760223
0.756263
0.743706
0.742362
0.730861
0.725250
0.724106
0.711169
0.705652
0.697237
0.687602
0.686984
0.661591
0.654400
0.651815
0.649116
0.633729
0.625522
0.624893
0.624018
0.604323
0.589968
0.585703
0.584595
0.578299
0.577718
0.574497
0.567315
0.559579
0.559375
0.556701
0.548940
0.541241
0.535890
0.527129
0.521303
0.516686
0.513093
0.506097
0.494667
0.474766
0.470446
0.466003
0.460527
0.420445
0.416992
0.405360
0.404643
0.403106
0.390159
0.384785
0.378668
0.373641
0.371009
0.364850
0.364435
0.356272
0.354081
0.326535
0.326458
0.324913
0.312086
0.305172
0.300945
0.297170
0.281996
0.269384
0.248404
0.243237
0.235678
0.218963
0.211057
0.198629
0.197364
0.189273
0.186326
0.183731
0.176884
0.157227
0.157160
0.155262
0.144651
0.143977
0.142319
0.140131
0.139888
0.091096
