0.999990
0.999986
0.999969
0.999958
0.999953
0.999933
0.999901
0.999853
0.999822
0.999821
0.999016
0.998813
0.998402
0.998386
0.997355
0.997110
0.997074
0.996901
0.996771
0.996770
0.996761
0.996463
0.996361
0.996360
0.996094
0.995770
0.995539
0.995472
0.995432
0.995049
0.994965
0.994516
0.994459
0.994338
0.994095
0.994004
0.993885
0.993791
0.993378
0.992699
0.992623
0.992109
0.991958
0.990991
0.990187
0.990097
0.989954
0.989479
0.988809
0.987484
0.987250
0.986412
0.985205
0.985062
0.983581
0.981846
0.981705
0.981219
0.980543
0.980533
0.979358
0.978323
0.976977
0.976725
0.976635
0.975800
0.975696
0.975462
0.975388
0.975194
0.974712
0.974570
0.974526
0.974369
0.974257
0.974135
0.973706
0.973146
0.973013
0.972169
0.972026
0.971358
0.971206
0.971137
0.970780
0.970472
0.969227
0.968809
0.968763
0.968332
0.968329
0.968140
0.968044
0.967947
0.967276
0.967126
0.965664
0.963375
0.963210
0.963002
0.961889
0.961486
0.960992
0.960683
0.960586
0.959133
0.959003
0.958939
0.958820
0.958189
0.957846
0.957715
0.957707
0.957608
0.957559
0.956790
0.955980
0.955760
0.955692
0.955620
0.955324
0.954671
0.954218
0.953857
0.953048
0.952523
0.952255
0.952114
0.951980
0.951958
0.951651
0.951303
0.951076
0.950943
0.950759
0.950147
0.950125
0.948818
0.948729
0.948431
0.947710
0.947618
0.947375
0.947146
0.947001
0.946907
0.946884
0.946831
0.946830
0.946602
0.946211
0.946140
0.944954
0.944807
0.944715
0.944706
0.944636
0.944398
0.944102
0.943921
0.943856
0.943750
0.943056
0.943037
0.942721
0.942630
0.942488
0.942483
0.942456
0.942194
0.942182
0.941858
0.941845
0.941788
0.941775
0.941646
0.941548
0.941374
0.940787
0.940739
0.940535
0.940287
0.940243
0.940119
0.939928
0.939927
0.939353
0.939298
0.938830
0.938726
0.938663
0.938599
0.938426
0.938285
0.938221
0.938108
0.938044
0.937886
0.937699
0.937691
0.937399
0.937240
0.937161
0.936166
0.936131
0.935807
0.935726
0.935613
0.935144
0.934769
0.934181
0.933884
0.933656
0.933626
0.933465
0.933223
0.932427
0.932320
0.932218
0.932051
0.931877
0.931687
0.931613
0.931360
0.931231
0.931118
0.930731
0.930677
0.930438
0.930131
0.929791
0.929625
0.929472
0.929266
0.929198
0.929174
0.929136
0.929123
0.928669
0.928661
0.928557
0.928203
0.928178
0.928145
0.928118
0.928042
0.927809
0.927356
0.927320
0.927253
0.927166
0.927137
0.927080
0.927002
0.926898
0.926855
0.926268
0.925752
0.925745
0.925271
0.925108
0.925047
0.924078
0.923895
0.923828
0.923823
0.923683
0.923675
0.923221
0.923022
0.922972
0.922599
0.922540
0.922430
0.922252
0.921051
0.921005
0.920925
0.920910
0.920870
0.920700
0.920528
0.920345
0.920200
0.920185
0.920154
0.920124
0.920020
0.919933
0.919839
0.919713
0.919538
0.919497
0.919289
0.918833
0.918685
0.918646
0.918515
0.918515
0.918463
0.918335
0.918294
0.918064
0.918009
0.917589
0.917503
0.917286
0.916470
0.916385
0.916369
0.916349
0.916263
0.915713
0.915533
0.915284
0.915244
0.915159
0.915030
0.915012
0.914908
0.914761
0.914721
0.914490
0.914162
0.913244
0.913168
0.912949
0.912930
0.912414
0.912115
0.912079
0.912032
0.911948
0.911812
0.911758
0.911686
0.911660
0.911580
0.911556
0.911310
0.911215
0.910999
0.910862
0.910837
0.910579
0.910532
0.910519
0.910015
0.909376
0.909349
0.909116
0.908769
0.908620
0.908395
0.908366
0.908133
0.907943
0.907807
0.907619
0.907186
0.907169
0.907094
0.906596
0.906441
0.906068
0.906049
0.905852
0.905802
0.905545
0.905453
0.905119
0.905107
0.904955
0.904945
0.904920
0.904577
0.904572
0.904502
0.904414
0.903992
0.903722
0.903517
0.903354
0.902985
0.902907
0.902761
0.902467
0.902409
0.902080
0.901844
0.901709
0.901693
0.901649
0.901338
0.901195
0.900919
0.900837
0.900670
0.900467
0.900277
0.899956
0.899751
0.899454
0.899315
0.899284
0.899212
0.898999
0.898495
0.898493
0.898163
0.898035
0.897960
0.897938
0.897549
0.897371
0.897236
0.896962
0.896955
0.896789
0.896778
0.896760
0.896748
0.895933
0.895818
0.895596
0.895291
0.895224
0.894963
0.894563
0.894458
0.894427
0.894394
0.894156
0.894131
0.894055
0.894043
0.893829
0.893733
0.893607
0.893537
0.893320
0.893127
0.893060
0.893048
0.892879
0.892662
0.892600
0.892486
0.892090
0.891952
0.891917
0.891826
0.891657
0.891627
0.891572
0.891331
0.890998
0.890906
0.890897
0.890553
0.890539
0.890193
0.890179
0.890162
0.890079
0.889933
0.889365
0.888815
0.888707
0.888657
0.888504
0.888287
0.888167
0.887991
0.887883
0.887880
0.887830
0.887802
0.887742
0.887645
0.887608
0.887589
0.887507
0.887204
0.886828
0.886219
0.886188
0.885995
0.885983
0.885836
0.885702
0.885675
0.885445
0.885425
0.885324
0.885314
0.885307
0.885291
0.885152
0.884936
0.884891
0.884782
0.884678
0.884490
0.884486
0.884143
0.884018
0.883998
0.883816
0.883658
0.883441
0.882848
0.882736
0.882733
0.882715
0.882694
0.882642
0.882461
0.882228
0.882181
0.881906
0.881782
0.881391
0.881359
0.881213
0.880697
0.880660
0.880408
0.880342
0.880233
0.880099
0.880055
0.879981
0.879860
0.879818
0.879703
0.879671
0.879664
0.879468
0.879350
0.879218
0.878936
0.878661
0.878518
0.878494
0.878449
0.878401
0.878227
0.878202
0.878057
0.877532
0.877498
0.877477
0.877463
0.877412
0.877354
0.877331
0.877321
0.877246
0.877035
0.876943
0.876420
0.876367
0.876121
0.876029
0.876022
0.875987
0.875945
0.875905
0.875812
0.875454
0.875418
0.875329
0.875297
0.875245
0.875217
0.874914
0.874722
0.874613
0.874552
0.874538
0.874490
0.874465
0.874391
0.874302
0.874094
0.873783
0.873668
0.873634
0.873593
0.873449
0.873445
0.873354
0.873337
0.873193
0.873138
0.872938
0.872874
0.872771
0.872697
0.872287
0.872254
0.872172
0.872021
0.871971
0.871948
0.871870
0.871818
0.871818
0.871506
0.871494
0.871488
0.871360
0.871233
0.871221
0.871189
0.871146
0.870812
0.870463
0.870414
0.870147
0.870128
0.870050
0.869880
0.869812
0.869780
0.869747
0.869686
0.869614
0.869513
0.869420
0.869330
0.869256
0.869036
0.869013
0.868973
0.868956
0.868883
0.868804
0.868621
0.868366
0.868349
0.868184
0.868139
0.868081
0.867819
0.867793
0.867750
0.867682
0.867610
0.867470
0.867400
0.867289
0.867083
0.867076
0.866998
0.866971
0.866630
0.866621
0.866607
0.866523
0.866342
0.866256
0.866244
0.866174
0.866061
0.865861
0.865853
0.865727
0.865653
0.865438
0.865408
0.865340
0.865226
0.865169
0.865165
0.865065
0.864990
0.864953
0.864893
0.864671
0.864609
0.864399
0.864389
0.864189
0.864188
0.864150
0.864068
0.864031
0.864016
0.863954
0.863827
0.863203
0.863051
0.862857
0.862485
0.862338
0.862280
0.861947
0.861880
0.861792
0.861753
0.861464
0.861437
0.861358
0.861342
0.861315
0.861274
0.861137
0.860755
0.860692
0.860659
0.860616
0.860493
0.860260
0.860151
0.860125
0.860066
0.859813
0.859792
0.859760
0.859711
0.859630
0.859576
0.859459
0.859447
0.859436
0.859327
0.859168
0.859093
0.859024
0.858805
0.858713
0.858494
0.858378
0.858183
0.858058
0.857945
0.857919
0.857209
0.856955
0.856857
0.856681
0.856667
0.856592
0.856499
0.856468
0.856461
0.856447
0.856432
0.856408
0.856390
0.856354
0.856306
0.856288
0.856262
0.855885
0.855703
0.855475
0.855357
0.855118
0.854821
0.854750
0.854676
0.854638
0.854547
0.854311
0.854056
0.853993
0.853848
0.853788
0.853610
0.853556
0.853545
0.853537
0.853493
0.853409
0.853344
0.853285
0.853060
0.853043
0.852951
0.852872
0.852840
0.852803
0.852743
0.852732
0.852731
0.852704
0.852580
0.852468
0.852268
0.852252
0.852174
0.851903
0.851785
0.851692
0.851337
0.851317
0.851082
0.851070
0.851046
0.850949
0.850866
0.850657
0.850444
0.850322
0.850288
0.850271
0.850139
0.850089
0.850059
0.850037
0.850019
0.849876
0.849789
0.849759
0.849560
0.849413
0.849413
0.849306
0.849195
0.849100
0.848842
0.848539
0.848512
0.848465
0.848402
0.848062
0.847957
0.847807
0.847481
0.847279
0.847252
0.846952
0.846921
0.846573
0.846436
0.846345
0.846218
0.846025
0.845901
0.845842
0.845752
0.845662
0.845626
0.845573
0.845555
0.845547
0.845500
0.845263
0.845250
0.845249
0.845010
0.844796
0.844755
0.844693
0.844579
0.844557
0.844480
0.844453
0.844333
0.844196
0.844153
0.844047
0.844046
0.844001
0.843964
0.843930
0.843799
0.843751
0.843717
0.843467
0.843296
0.842948
0.842685
0.842666
0.842640
0.842506
0.842378
0.842204
0.842103
0.842025
0.841935
0.841909
0.841907
0.841786
0.841760
0.841475
0.841349
0.841349
0.841002
0.840937
0.840805
0.840757
0.840724
0.840422
0.840421
0.840284
0.840180
0.840139
0.840021
0.839973
0.839913
0.839900
0.839738
0.839736
0.839505
0.839370
0.839140
0.839083
0.839050
0.838742
0.838656
0.838538
0.838491
0.838338
0.838305
0.838131
0.838036
0.838017
0.837999
0.837610
0.837602
0.837367
0.837149
0.836992
0.836905
0.836691
0.836650
0.836571
0.836497
0.836240
0.835922
0.835868
0.835626
0.835544
0.835468
0.835426
0.835352
0.835349
0.835344
0.835309
0.835256
0.835244
0.835122
0.835006
0.835002
0.834983
0.834882
0.834586
0.834363
0.834346
0.834222
0.834127
0.834070
0.833949
0.833898
0.833829
0.833732
0.833588
0.833423
0.833381
0.833368
0.833253
0.833237
0.832961
0.832781
0.832775
0.832751
0.832741
0.832692
0.832619
0.832299
0.832130
0.832099
0.832097
0.831960
0.831954
0.831605
0.831536
0.831419
0.831395
0.831337
0.831274
0.831089
0.831001
0.830666
0.830496
0.830496
0.830494
0.830277
0.830183
0.830135
0.830030
0.829998
0.829783
0.829718
0.829455
0.829367
0.829333
0.829319
0.829305
0.829196
0.829070
0.828999
0.828829
0.828826
0.828801
0.828777
0.828446
0.828430
0.828212
0.828154
0.827898
0.827874
0.827738
0.827723
0.827692
0.827518
0.827414
0.827413
0.827287
0.827278
0.827213
0.827140
0.827017
0.826964
0.826807
0.826423
0.826283
0.826152
0.825721
0.825622
0.825600
0.825566
0.825289
0.825218
0.825140
0.825033
0.824988
0.824907
0.824867
0.824862
0.824769
0.824709
0.824585
0.824278
0.824271
0.824270
0.824048
0.824029
0.823953
0.823871
0.823846
0.823676
0.823418
0.823398
0.823270
0.823264
0.823061
0.822998
0.822993
0.822892
0.822755
0.822753
0.822697
0.822540
0.822447
0.822426
0.822369
0.822201
0.822180
0.822013
0.821974
0.821918
0.821708
0.821699
0.821325
0.821234
0.821125
0.820843
0.820752
0.820540
0.820480
0.820185
0.820154
0.820023
0.819882
0.819813
0.819405
0.819297
0.819256
0.819061
0.819022
0.818721
0.818684
0.818651
0.818321
0.818222
0.817885
0.817798
0.817522
0.817365
0.817233
0.817214
0.817054
0.816902
0.816722
0.816717
0.816664
0.816635
0.816577
0.816471
0.816377
0.816267
0.816243
0.816129
0.816004
0.815995
0.815930
0.815750
0.815734
0.815534
0.815237
0.814963
0.814725
0.814690
0.814431
0.814263
0.814230
0.814031
0.813998
0.813851
0.813749
0.813708
0.812832
0.812814
0.812746
0.812736
0.812442
0.812362
0.812319
0.812278
0.812250
0.811990
0.811934
0.811852
0.811849
0.811527
0.811494
0.811491
0.811478
0.811438
0.811223
0.811050
0.810990
0.810974
0.810530
0.810434
0.810303
0.810189
0.810072
0.809886
0.809863
0.809810
0.809652
0.809529
0.809368
0.809223
0.809191
0.809172
0.809038
0.808897
0.808893
0.808869
0.808756
0.808636
0.808559
0.808538
0.808502
0.808422
0.808285
0.808087
0.808036
0.807876
0.807790
0.807553
0.807451
0.807206
0.807182
0.806853
0.806830
0.806799
0.806562
0.806560
0.806480
0.806311
0.806289
0.806135
0.806043
0.805970
0.805817
0.805428
0.805427
0.805337
0.805295
0.805146
0.805018
0.804715
0.804503
0.804377
0.804166
0.804052
0.804035
0.803871
0.803854
0.803570
0.803554
0.803421
0.803420
0.803372
0.803363
0.803214
0.803148
0.802845
0.802845
0.802760
0.802624
0.802427
0.802220
0.802149
0.802008
0.801782
0.801750
0.801523
0.801517
0.801103
0.801095
0.801046
0.800953
0.800919
0.800908
0.800737
0.800701
0.800490
0.800438
0.800379
0.800230
0.800184
0.800130
0.800049
0.800025
0.799949
0.799821
0.799670
0.799207
0.799134
0.799055
0.798863
0.798772
0.798767
0.798696
0.798513
0.798434
0.798422
0.798285
0.798257
0.798256
0.798156
0.798152
0.798085
0.798039
0.797890
0.797875
0.797500
0.797134
0.797024
0.796829
0.796806
0.796757
0.796659
0.796598
0.796583
0.796459
0.796311
0.796224
0.796146
0.796065
0.795921
0.795793
0.795757
0.795534
0.795496
0.795010
0.794930
0.794902
0.794493
0.794421
0.794415
0.794264
0.794193
0.794098
0.794000
0.793932
0.793864
0.793844
0.793699
0.793441
0.793295
0.793152
0.793024
0.792967
0.792944
0.792642
0.792624
0.792556
0.792535
0.792446
0.792432
0.792347
0.792277
0.792266
0.792113
0.792106
0.792065
0.792060
0.791955
0.791661
0.791617
0.791577
0.791417
0.791288
0.791052
0.790985
0.790968
0.790886
0.790823
0.790685
0.790562
0.790041
0.789973
0.789910
0.789855
0.789828
0.789423
0.789394
0.789346
0.789171
0.789037
0.788932
0.788872
0.788743
0.788482
0.788426
0.788327
0.788221
0.788098
0.788062
0.788053
0.787860
0.787836
0.787511
0.787429
0.787410
0.787242
0.787204
0.787186
0.787140
0.787117
0.787103
0.787032
0.786794
0.786767
0.786685
0.786653
0.786631
0.786610
0.786609
0.786603
0.786572
0.786548
0.786509
0.786348
0.785980
0.785928
0.785845
0.785836
0.785824
0.785818
0.785805
0.785738
0.785663
0.785642
0.785562
0.785545
0.785506
0.785492
0.785357
0.785245
0.785233
0.785151
0.784970
0.784733
0.784633
0.784514
0.784488
0.784458
0.784363
0.784223
0.784134
0.784124
0.784050
0.784022
0.783990
0.783910
0.783821
0.783790
0.783786
0.783624
0.783172
0.783109
0.782957
0.782944
0.782942
0.782846
0.782727
0.782724
0.782553
0.782548
0.782518
0.782429
0.782313
0.782286
0.782245
0.782131
0.782058
0.782048
0.781985
0.781873
0.781840
0.781839
0.781808
0.781743
0.781734
0.781696
0.781687
0.781619
0.781597
0.781475
0.781361
0.781347
0.781289
0.781191
0.781146
0.781125
0.781002
0.780965
0.780946
0.780907
0.780882
0.780856
0.780589
0.780329
0.780299
0.780054
0.779977
0.779973
0.779964
0.779940
0.779915
0.779889
0.779486
0.779285
0.779031
0.778869
0.778826
0.778698
0.778648
0.778627
0.778588
0.778548
0.778508
0.778466
0.778305
0.778275
0.778255
0.778252
0.778201
0.778064
0.777972
0.777953
0.777868
0.777753
0.777688
0.777680
0.777610
0.777574
0.777496
0.777416
0.777366
0.777301
0.777267
0.777238
0.777146
0.777125
0.777109
0.777082
0.776966
0.776962
0.776886
0.776839
0.776772
0.776222
0.776155
0.775923
0.775914
0.775874
0.775702
0.775651
0.775430
0.775424
0.775356
0.775340
0.775307
0.775230
0.775141
0.775103
0.775020
0.774928
0.774542
0.774315
0.774280
0.773977
0.773786
0.773589
0.773549
0.773533
0.773454
0.773394
0.773393
0.772953
0.772887
0.772876
0.772575
0.772514
0.772136
0.771890
0.771885
0.771878
0.771777
0.771692
0.771632
0.771619
0.771306
0.771304
0.771231
0.771223
0.771197
0.771089
0.771068
0.771037
0.770929
0.770923
0.770897
0.770543
0.770533
0.770474
0.770442
0.770301
0.770218
0.770142
0.769903
0.769680
0.769615
0.769528
0.769382
0.769097
0.768897
0.768870
0.768861
0.768805
0.768748
0.768744
0.768743
0.768571
0.768547
0.768530
0.768401
0.768401
0.768362
0.768266
0.768162
0.768033
0.768030
0.767945
0.767799
0.767779
0.767598
0.767548
0.767508
0.767486
0.767442
0.767302
0.767283
0.767104
0.767016
0.766553
0.766501
0.766425
0.766311
0.766261
0.766250
0.766128
0.766116
0.765793
0.765420
0.765282
0.765110
0.765093
0.765055
0.765052
0.764942
0.764605
0.764438
0.764421
0.764388
0.764224
0.764104
0.764048
0.764015
0.763879
0.763283
0.762822
0.762648
0.762545
0.762352
0.762299
0.762253
0.762195
0.761954
0.761907
0.761887
0.761515
0.761427
0.761395
0.761395
0.761333
0.761223
0.761138
0.761039
0.760970
0.760936
0.760846
0.760680
0.760545
0.760379
0.760333
0.760153
0.760092
0.760037
0.759890
0.759858
0.759780
0.759532
0.759408
0.759321
0.759213
0.758820
0.758801
0.758787
0.758504
0.758461
0.758391
0.758255
0.758038
0.757999
0.757960
0.757957
0.757778
0.757743
0.757656
0.757604
0.757582
0.757387
0.757379
0.757357
0.757353
0.757345
0.757216
0.757210
0.757136
0.757126
0.757105
0.757040
0.756911
0.756789
0.756776
0.756715
0.756628
0.756519
0.756421
0.756412
0.756213
0.756196
0.756141
0.756009
0.756009
0.755867
0.755711
0.755504
0.755460
0.755322
0.755286
0.755207
0.755196
0.755192
0.755124
0.755041
0.754898
0.754780
0.754660
0.754556
0.754410
0.754348
0.754210
0.754198
0.754056
0.754025
0.754025
0.754016
0.753976
0.753866
0.753797
0.753671
0.753669
0.753549
0.753465
0.753413
0.753332
0.753286
0.753176
0.753170
0.753126
0.752963
0.752938
0.752844
0.752820
0.752769
0.752716
0.752671
0.752637
0.752616
0.752493
0.752439
0.752432
0.752396
0.752361
0.752345
0.752318
0.752283
0.752274
0.752269
0.751954
0.751930
0.751910
0.751746
0.751620
0.751228
0.751217
0.751188
0.751122
0.751063
0.750982
0.750926
0.750820
0.750392
0.750350
0.750075
0.749832
0.749553
0.749530
0.749479
0.749477
0.749407
0.749378
0.749354
0.749099
0.749000
0.748866
0.748799
0.748562
0.748151
0.748112
0.747962
0.747904
0.747832
0.747785
0.747606
0.747564
0.747509
0.747458
0.747356
0.747280
0.747192
0.747021
0.746988
0.746980
0.746895
0.746864
0.746858
0.746760
0.746601
0.746529
0.746500
0.746474
0.746419
0.746337
0.746248
0.746207
0.746198
0.746070
0.745919
0.745911
0.745855
0.745847
0.745750
0.745709
0.745629
0.745566
0.745420
0.745335
0.745333
0.745304
0.745262
0.745151
0.745112
0.745043
0.744865
0.744812
0.744570
0.744181
0.744000
0.743895
0.743632
0.743616
0.743601
0.743452
0.743422
0.743375
0.743261
0.742959
0.742541
0.742484
0.742473
0.742456
0.742197
0.742176
0.742166
0.742073
0.741936
0.741778
0.741700
0.741696
0.741426
0.741408
0.741330
0.741144
0.741137
0.741122
0.741002
0.740882
0.740810
0.740655
0.740401
0.740310
0.740195
0.740131
0.740096
0.740088
0.739890
0.739879
0.739763
0.739709
0.739567
0.739366
0.739121
0.739074
0.739059
0.739008
0.739003
0.738498
0.738461
0.738445
0.738112
0.738059
0.737986
0.737940
0.737746
0.737741
0.737699
0.737617
0.737575
0.737529
0.737452
0.737348
0.737336
0.737317
0.737308
0.737278
0.737044
0.737023
0.736950
0.736552
0.736475
0.736374
0.736361
0.736354
0.736306
0.736186
0.735700
0.735687
0.735555
0.735505
0.735489
0.735327
0.735302
0.735106
0.735066
0.734982
0.734839
0.734808
0.734793
0.734764
0.734670
0.734284
0.734280
0.734243
0.734096
0.734093
0.734021
0.734005
0.733844
0.733706
0.733670
0.733628
0.733249
0.733139
0.732819
0.732718
0.732716
0.732582
0.732532
0.732450
0.732438
0.732323
0.732318
0.732280
0.732147
0.732054
0.732036
0.731997
0.731941
0.731931
0.731903
0.731852
0.731810
0.731752
0.731653
0.731349
0.731288
0.731043
0.731004
0.730984
0.730886
0.730726
0.730656
0.730611
0.730578
0.730547
0.730357
0.730325
0.730312
0.730185
0.730182
0.730147
0.730120
0.729949
0.729932
0.729883
0.729846
0.729434
0.729339
0.729323
0.729244
0.729139
0.729121
0.729095
0.729087
0.729066
0.728991
0.728847
0.728780
0.728200
0.728083
0.727871
0.727850
0.727713
0.727690
0.727647
0.727588
0.727571
0.727556
0.727553
0.727398
0.727331
0.727176
0.727173
0.727147
0.727047
0.726922
0.726786
0.726684
0.726654
0.726572
0.726460
0.726421
0.726398
0.726357
0.726265
0.725973
0.725893
0.725629
0.725588
0.725503
0.725470
0.725298
0.725271
0.725230
0.725106
0.725006
0.724795
0.724744
0.724734
0.724731
0.724675
0.724642
0.724566
0.724472
0.724466
0.724430
0.724412
0.724411
0.724335
0.724190
0.724084
0.723988
0.723918
0.723815
0.723750
0.723747
0.723635
0.723431
0.723375
0.723229
0.723172
0.723156
0.723137
0.722955
0.722928
0.722909
0.722901
0.722862
0.722784
0.722691
0.722604
0.722542
0.722436
0.722274
0.722269
0.722135
0.721878
0.721874
0.721806
0.721728
0.721638
0.721599
0.721595
0.721568
0.721400
0.721338
0.721236
0.721216
0.721194
0.721038
0.720915
0.720883
0.720780
0.720713
0.720636
0.720539
0.720515
0.720333
0.720126
0.720110
0.719879
0.719838
0.719827
0.719728
0.719726
0.719619
0.719570
0.719505
0.719467
0.719439
0.719260
0.719190
0.719178
0.719143
0.719125
0.719055
0.718954
0.718933
0.718877
0.718825
0.718734
0.718679
0.718618
0.718611
0.718571
0.718479
0.718412
0.718270
0.718124
0.718113
0.718091
0.717792
0.717633
0.717562
0.717452
0.717438
0.717438
0.717311
0.717299
0.717211
0.717111
0.717101
0.717095
0.716920
0.716684
0.716676
0.716460
0.716295
0.716260
0.716105
0.716093
0.716057
0.716004
0.715866
0.715855
0.715837
0.715470
0.715459
0.715421
0.715294
0.715231
0.715156
0.714875
0.714763
0.714673
0.714660
0.714613
0.714606
0.714464
0.714414
0.714204
0.714194
0.714124
0.714102
0.713936
0.713927
0.713716
0.713665
0.713552
0.713521
0.713310
0.713255
0.713225
0.713211
0.713147
0.713135
0.713070
0.712923
0.712617
0.712465
0.712396
0.712283
0.711937
0.711832
0.711815
0.711803
0.711647
0.711608
0.711599
0.711531
0.711380
0.711368
0.711317
0.711110
0.710934
0.710896
0.710850
0.710776
0.710757
0.710727
0.710607
0.710466
0.710464
0.710448
0.710385
0.710333
0.710203
0.709933
0.709818
0.709709
0.709531
0.709303
0.709163
0.709081
0.709053
0.709053
0.708826
0.708673
0.708636
0.708598
0.708576
0.708193
0.708178
0.708106
0.708059
0.708012
0.707572
0.707483
0.707348
0.707246
0.707209
0.706854
0.706829
0.706817
0.706730
0.706694
0.706486
0.706364
0.706225
0.706165
0.706157
0.706152
0.706002
0.705901
0.705871
0.705849
0.705840
0.705814
0.705802
0.705729
0.705488
0.705446
0.705356
0.705262
0.705220
0.705191
0.705183
0.705017
0.704946
0.704820
0.704717
0.704693
0.704672
0.704637
0.704436
0.704234
0.704173
0.704109
0.704055
0.704047
0.703897
0.703879
0.703813
0.703812
0.703808
0.703643
0.703367
0.703342
0.703328
0.703237
0.703214
0.703189
0.703175
0.703160
0.703098
0.703091
0.703090
0.702952
0.702937
0.702855
0.702838
0.702758
0.702648
0.702605
0.702603
0.702549
0.702520
0.702459
0.702308
0.702245
0.702139
0.702077
0.702026
0.701984
0.701956
0.701724
0.701617
0.701223
0.700976
0.700956
0.700908
0.700818
0.700766
0.700566
0.700566
0.700422
0.700159
0.700157
0.700129
0.700083
0.700061
0.700043
0.699846
0.699660
0.699659
0.699555
0.699506
0.699189
0.699106
0.699094
0.699044
0.698992
0.698697
0.698503
0.698435
0.698300
0.698174
0.698150
0.698107
0.698060
0.698059
0.698003
0.697991
0.697967
0.697930
0.697754
0.697686
0.697612
0.697297
0.697258
0.697155
0.697138
0.697090
0.697044
0.696997
0.696987
0.696983
0.696982
0.696942
0.696864
0.696834
0.696736
0.696707
0.696567
0.696553
0.696514
0.696428
0.696416
0.696340
0.696257
0.696234
0.696176
0.696131
0.696060
0.695961
0.695941
0.695819
0.695571
0.695567
0.695490
0.695438
0.695402
0.695387
0.695352
0.695284
0.695240
0.694998
0.694800
0.694458
0.694399
0.694383
0.694311
0.694283
0.694211
0.694175
0.694145
0.694041
0.693913
0.693824
0.693798
0.693783
0.693718
0.693708
0.693658
0.693583
0.693579
0.693547
0.693219
0.693214
0.693182
0.693173
0.693061
0.692980
0.692950
0.692893
0.692849
0.692777
0.692670
0.692647
0.692609
0.692608
0.692561
0.692433
0.692368
0.692361
0.692360
0.692332
0.692229
0.692098
0.692060
0.692054
0.691895
0.691777
0.691731
0.691674
0.691646
0.691644
0.691535
0.691408
0.691267
0.691265
0.691232
0.691104
0.690993
0.690931
0.690823
0.690813
0.690807
0.690760
0.690619
0.690574
0.690572
0.690525
0.690443
0.690431
0.690140
0.690029
0.689828
0.689797
0.689752
0.689721
0.689574
0.689457
0.689426
0.689320
0.689251
0.689192
0.689192
0.688992
0.688984
0.688941
0.688940
0.688794
0.688794
0.688765
0.688724
0.688669
0.688643
0.688581
0.688336
0.688196
0.687978
0.687973
0.687968
0.687914
0.687859
0.687819
0.687742
0.687648
0.687544
0.687371
0.687139
0.687048
0.686881
0.686830
0.686777
0.686467
0.686269
0.686207
0.686105
0.686002
0.685896
0.685853
0.685820
0.685804
0.685679
0.685453
0.685449
0.685262
0.685192
0.685183
0.685119
0.685114
0.685048
0.684834
0.684735
0.684537
0.684524
0.684365
0.684085
0.683736
0.683688
0.683637
0.683611
0.683609
0.683595
0.683406
0.683360
0.683176
0.683173
0.683045
0.683018
0.682837
0.682728
0.682722
0.682704
0.682611
0.682583
0.682569
0.682536
0.682495
0.682356
0.682213
0.682197
0.682002
0.681386
0.681340
0.681093
0.681087
0.680851
0.680836
0.680812
0.680752
0.680665
0.680649
0.680640
0.680545
0.680496
0.680493
0.680447
0.680382
0.680304
0.680140
0.679862
0.679806
0.679668
0.679373
0.679201
0.679197
0.679192
0.679179
0.679102
0.678947
0.678945
0.678906
0.678895
0.678791
0.678786
0.678482
0.678288
0.678202
0.678198
0.678181
0.678142
0.678140
0.678096
0.678060
0.677988
0.677789
0.677786
0.677536
0.677474
0.677446
0.677428
0.677055
0.676905
0.676884
0.676861
0.676840
0.676368
0.676334
0.676243
0.676233
0.676172
0.676117
0.675959
0.675879
0.675824
0.675820
0.675494
0.675484
0.675468
0.675468
0.675343
0.675242
0.675233
0.675206
0.675114
0.674907
0.674404
0.674401
0.674155
0.674067
0.673982
0.673905
0.673767
0.673687
0.673678
0.673669
0.673618
0.673597
0.673475
0.673469
0.673367
0.673147
0.673087
0.673065
0.673023
0.673012
0.672788
0.672787
0.672723
0.672626
0.672572
0.672507
0.672342
0.672207
0.672203
0.671982
0.671978
0.671913
0.671778
0.671771
0.671701
0.671687
0.671667
0.671575
0.671508
0.671453
0.671420
0.671410
0.671176
0.671126
0.670963
0.670936
0.670932
0.670832
0.670662
0.670597
0.670454
0.670436
0.670309
0.670259
0.670224
0.670218
0.670158
0.670132
0.669982
0.669885
0.669881
0.669846
0.669834
0.669671
0.669566
0.669557
0.669428
0.669357
0.669331
0.669295
0.669231
0.669142
0.669129
0.669054
0.669031
0.668982
0.668966
0.668883
0.668660
0.668647
0.668570
0.668563
0.668484
0.668365
0.668298
0.668240
0.668162
0.668081
0.668038
0.667911
0.667870
0.667846
0.667809
0.667756
0.667691
0.667664
0.667612
0.667607
0.667599
0.667553
0.667474
0.667462
0.667302
0.667248
0.667179
0.667161
0.667126
0.667114
0.667002
0.666982
0.666980
0.666870
0.666832
0.666820
0.666743
0.666725
0.666689
0.666664
0.666652
0.666577
0.666461
0.666322
0.666269
0.666234
0.666198
0.665897
0.665845
0.665737
0.665710
0.665648
0.665608
0.665480
0.665420
0.665360
0.665355
0.665338
0.665302
0.665132
0.664835
0.664736
0.664699
0.664641
0.664617
0.664576
0.664572
0.664412
0.664337
0.664282
0.664212
0.664045
0.663802
0.663605
0.663526
0.663409
0.663318
0.663271
0.663249
0.663229
0.663210
0.663194
0.663057
0.662961
0.662905
0.662804
0.662775
0.662775
0.662738
0.662719
0.662719
0.662705
0.662449
0.662333
0.662263
0.662217
0.662204
0.662195
0.662157
0.661994
0.661922
0.661917
0.661901
0.661888
0.661832
0.661759
0.661745
0.661545
0.661374
0.661361
0.661354
0.661330
0.661299
0.661241
0.661146
0.661140
0.661090
0.660924
0.660910
0.660855
0.660851
0.660842
0.660283
0.660108
0.660031
0.659714
0.659671
0.659617
0.659593
0.659585
0.659353
0.659200
0.659152
0.659056
0.658902
0.658801
0.658795
0.658773
0.658733
0.658651
0.658611
0.658596
0.658537
0.658483
0.658470
0.658272
0.658208
0.658192
0.658182
0.658106
0.658096
0.657944
0.657936
0.657898
0.657894
0.657855
0.657766
0.657757
0.657726
0.657705
0.657687
0.657684
0.657662
0.657638
0.657553
0.657468
0.657331
0.657297
0.657007
0.656954
0.656866
0.656818
0.656776
0.656733
0.656668
0.656664
0.656643
0.656495
0.656482
0.656438
0.656379
0.656263
0.656218
0.656130
0.656080
0.655861
0.655787
0.655639
0.655618
0.655617
0.655555
0.655544
0.655341
0.655326
0.655202
0.655179
0.655044
0.655023
0.654984
0.654928
0.654908
0.654885
0.654816
0.654758
0.654750
0.654733
0.654715
0.654710
0.654550
0.654509
0.654480
0.654440
0.654396
0.654341
0.654311
0.654285
0.654185
0.654067
0.653980
0.653815
0.653781
0.653779
0.653770
0.653763
0.653750
0.653529
0.653502
0.653446
0.653436
0.653306
0.653272
0.653178
0.653094
0.653050
0.652987
0.652905
0.652875
0.652833
0.652807
0.652770
0.652764
0.652727
0.652701
0.652668
0.652632
0.652417
0.652263
0.652078
0.652072
0.652040
0.651988
0.651894
0.651803
0.651745
0.651653
0.651494
0.651370
0.651287
0.651278
0.651242
0.651187
0.651146
0.651091
0.650991
0.650932
0.650815
0.650809
0.650746
0.650649
0.650567
0.650432
0.650405
0.650393
0.650145
0.650119
0.649769
0.649742
0.649737
0.649730
0.649536
0.649526
0.649516
0.649499
0.649403
0.649382
0.649247
0.649239
0.649230
0.649148
0.649095
0.649005
0.648979
0.648779
0.648710
0.648630
0.648466
0.648352
0.648278
0.648255
0.648199
0.648134
0.648127
0.647973
0.647859
0.647820
0.647697
0.647509
0.647341
0.647167
0.647131
0.647094
0.647059
0.647030
0.646834
0.646810
0.646809
0.646753
0.646684
0.646667
0.646585
0.646572
0.646564
0.646505
0.646431
0.646379
0.646345
0.646335
0.646330
0.646327
0.646292
0.646192
0.646146
0.646120
0.645909
0.645905
0.645810
0.645702
0.645637
0.645559
0.645546
0.645450
0.645410
0.645337
0.645282
0.645225
0.645149
0.645108
0.645090
0.645046
0.645043
0.644997
0.644911
0.644802
0.644793
0.644603
0.644503
0.644488
0.644459
0.644423
0.644355
0.644324
0.644303
0.644222
0.644214
0.644210
0.644196
0.644115
0.644102
0.643952
0.643939
0.643920
0.643901
0.643858
0.643857
0.643822
0.643568
0.643555
0.643349
0.643320
0.643298
0.643282
0.643179
0.643155
0.642728
0.642635
0.642597
0.642590
0.642516
0.642431
0.642423
0.642222
0.642215
0.642185
0.642105
0.642090
0.642023
0.641952
0.641845
0.641807
0.641765
0.641747
0.641724
0.641716
0.641556
0.641536
0.641524
0.641517
0.641433
0.641235
0.641228
0.641042
0.641021
0.641017
0.640967
0.640959
0.640950
0.640821
0.640510
0.640479
0.640451
0.640321
0.640318
0.640286
0.640283
0.640243
0.640154
0.639925
0.639849
0.639747
0.639561
0.639547
0.639455
0.639429
0.639334
0.639230
0.639218
0.639215
0.639210
0.638830
0.638761
0.638739
0.638578
0.638431
0.638300
0.638184
0.638090
0.638087
0.637989
0.637977
0.637828
0.637804
0.637784
0.637645
0.637546
0.637539
0.637481
0.637403
0.637322
0.637286
0.637228
0.637149
0.637137
0.637133
0.637087
0.637008
0.636945
0.636858
0.636810
0.636712
0.636574
0.636154
0.636087
0.636026
0.635970
0.635882
0.635815
0.635803
0.635735
0.635701
0.635577
0.635568
0.635377
0.635371
0.635362
0.635222
0.635089
0.634990
0.634974
0.634927
0.634761
0.634371
0.634329
0.634305
0.634297
0.634188
0.634082
0.634039
0.634019
0.633970
0.633869
0.633792
0.633707
0.633703
0.633696
0.633581
0.633532
0.633529
0.633416
0.633345
0.633295
0.633239
0.633195
0.633091
0.633018
0.632970
0.632892
0.632873
0.632662
0.632621
0.632531
0.632485
0.632257
0.632155
0.632086
0.632067
0.632060
0.631994
0.631941
0.631851
0.631712
0.631662
0.631624
0.631406
0.631393
0.631335
0.631228
0.631224
0.631194
0.631170
0.631057
0.631039
0.631029
0.630977
0.630932
0.630823
0.630756
0.630716
0.630716
0.630468
0.630446
0.630381
0.630330
0.630263
0.630172
0.630169
0.630099
0.629976
0.629918
0.629901
0.629762
0.629744
0.629675
0.629673
0.629550
0.629429
0.629376
0.629358
0.629294
0.629202
0.629017
0.628991
0.628989
0.628950
0.628875
0.628808
0.628690
0.628654
0.628629
0.628505
0.628499
0.628499
0.628451
0.628407
0.628189
0.628127
0.628108
0.628001
0.627865
0.627863
0.627642
0.627591
0.627554
0.627506
0.627422
0.627222
0.627108
0.627016
0.626973
0.626943
0.626898
0.626797
0.626757
0.626711
0.626584
0.626527
0.626503
0.626346
0.625975
0.625795
0.625709
0.625593
0.625459
0.625424
0.625337
0.625244
0.625217
0.625154
0.625109
0.625071
0.625039
0.624995
0.624927
0.624889
0.624888
0.624811
0.624776
0.624749
0.624749
0.624673
0.624479
0.624403
0.624263
0.624144
0.624130
0.624030
0.624024
0.623939
0.623929
0.623929
0.623876
0.623807
0.623776
0.623763
0.623758
0.623754
0.623707
0.623643
0.623415
0.623347
0.623345
0.622950
0.622692
0.622602
0.622601
0.622580
0.622486
0.622317
0.622221
0.622210
0.622149
0.622134
0.622067
0.622059
0.622032
0.622002
0.621973
0.621923
0.621878
0.621779
0.621751
0.621728
0.621658
0.621564
0.621479
0.621399
0.621311
0.621274
0.621215
0.621210
0.621180
0.620993
0.620981
0.620902
0.620827
0.620826
0.620662
0.620569
0.620383
0.620325
0.620276
0.620156
0.620023
0.619908
0.619884
0.619871
0.619861
0.619821
0.619624
0.619566
0.619524
0.619468
0.619451
0.619326
0.619277
0.619228
0.619133
0.619068
0.618998
0.618992
0.618865
0.618800
0.618619
0.618420
0.618413
0.618162
0.618159
0.618136
0.617977
0.617926
0.617775
0.617553
0.617352
0.617266
0.617235
0.617102
0.617068
0.617001
0.616805
0.616769
0.616691
0.616632
0.616629
0.616616
0.616554
0.616551
0.616434
0.616285
0.616162
0.616115
0.616112
0.615935
0.615783
0.615747
0.615620
0.615585
0.615526
0.615489
0.615413
0.615359
0.615312
0.615268
0.615264
0.615140
0.614953
0.614901
0.614749
0.614724
0.614712
0.614531
0.614277
0.614239
0.614218
0.614188
0.614000
0.613952
0.613900
0.613841
0.613779
0.613749
0.613713
0.613699
0.613674
0.613665
0.613562
0.613536
0.613346
0.613207
0.613196
0.613190
0.613132
0.613106
0.613085
0.613067
0.613054
0.612970
0.612916
0.612802
0.612713
0.612622
0.612609
0.612422
0.612397
0.612242
0.612173
0.612144
0.612105
0.612092
0.612003
0.611981
0.611951
0.611832
0.611799
0.611796
0.611726
0.611031
0.611015
0.610693
0.610689
0.610526
0.610498
0.610400
0.610345
0.610259
0.610044
0.609958
0.609866
0.609851
0.609840
0.609719
0.609658
0.609591
0.609571
0.609558
0.609517
0.609502
0.609440
0.609388
0.609376
0.609317
0.609197
0.609095
0.608967
0.608937
0.608900
0.608831
0.608770
0.608742
0.608729
0.608681
0.608676
0.608649
0.608647
0.608583
0.608548
0.608349
0.608324
0.608303
0.608285
0.608247
0.608204
0.608088
0.608086
0.607886
0.607809
0.607783
0.607606
0.607553
0.607539
0.607409
0.607289
0.607265
0.607249
0.607164
0.607147
0.606936
0.606901
0.606829
0.606807
0.606549
0.606542
0.606342
0.606327
0.606298
0.606291
0.606290
0.606272
0.606222
0.606175
0.606153
0.606048
0.606037
0.605980
0.605831
0.605725
0.605684
0.605610
0.605540
0.605495
0.605482
0.605395
0.605265
0.605078
0.604947
0.604797
0.604796
0.604786
0.604786
0.604767
0.604733
0.604719
0.604693
0.604580
0.604566
0.604566
0.604535
0.604385
0.604238
0.604200
0.604099
0.604072
0.604068
0.603854
0.603722
0.603580
0.603373
0.603327
0.603284
0.603227
0.603181
0.603179
0.603142
0.603087
0.603026
0.602849
0.602598
0.602483
0.602403
0.602382
0.602353
0.602324
0.602267
0.602080
0.601887
0.601882
0.601801
0.601755
0.601742
0.601672
0.601548
0.601414
0.601249
0.601232
0.601222
0.601180
0.601151
0.600955
0.600926
0.600903
0.600865
0.600706
0.600678
0.600669
0.600622
0.600589
0.600469
0.600320
0.600184
0.600181
0.600178
0.600152
0.600116
0.600023
0.599953
0.599878
0.599804
0.599737
0.599666
0.599656
0.599637
0.599569
0.599556
0.599542
0.599458
0.599211
0.599083
0.598847
0.598589
0.598533
0.598304
0.598304
0.598287
0.598246
0.597934
0.597795
0.597762
0.597745
0.597680
0.597651
0.597645
0.597559
0.597479
0.597478
0.597466
0.597357
0.597303
0.597254
0.597252
0.597212
0.596869
0.596858
0.596794
0.596657
0.596628
0.596574
0.596512
0.596507
0.596433
0.596380
0.596353
0.596273
0.595795
0.595697
0.595636
0.595588
0.595486
0.595271
0.595148
0.594990
0.594926
0.594720
0.594614
0.594518
0.594384
0.594369
0.594344
0.594322
0.594083
0.594036
0.593958
0.593845
0.593701
0.593662
0.593652
0.593651
0.593547
0.593530
0.593448
0.593437
0.593411
0.593403
0.593337
0.593328
0.593030
0.593027
0.592889
0.592777
0.592688
0.592473
0.592389
0.592252
0.592241
0.592188
0.592115
0.592001
0.591981
0.591919
0.591838
0.591753
0.591700
0.591671
0.591667
0.591403
0.591368
0.591239
0.591094
0.590959
0.590934
0.590827
0.590797
0.590771
0.590700
0.590444
0.590438
0.590404
0.590384
0.590375
0.590361
0.590172
0.590099
0.589961
0.589848
0.589662
0.589657
0.589654
0.589516
0.589514
0.589503
0.589441
0.589389
0.589366
0.589255
0.589202
0.589183
0.589038
0.588934
0.588852
0.588831
0.588487
0.588339
0.588307
0.588274
0.588259
0.588204
0.588103
0.588083
0.588068
0.588035
0.588029
0.587830
0.587808
0.587750
0.587669
0.587544
0.587511
0.587444
0.587370
0.587190
0.587018
0.586917
0.586751
0.586721
0.586578
0.586551
0.586507
0.586459
0.586317
0.586316
0.586261
0.586170
0.586121
0.586100
0.586092
0.586062
0.585957
0.585919
0.585682
0.585517
0.585499
0.585467
0.585431
0.585367
0.585344
0.585218
0.585114
0.584996
0.584844
0.584812
0.584805
0.584636
0.584628
0.584590
0.584475
0.584444
0.584202
0.584185
0.584010
0.583886
0.583797
0.583792
0.583744
0.583714
0.583544
0.583507
0.583500
0.583472
0.583422
0.583403
0.583380
0.583312
0.583179
0.583135
0.583014
0.582746
0.582680
0.582665
0.582593
0.582343
0.582232
0.582118
0.581994
0.581989
0.581924
0.581922
0.581854
0.581814
0.581736
0.581591
0.581187
0.581182
0.581154
0.581126
0.581119
0.581074
0.580916
0.580839
0.580826
0.580631
0.580611
0.580497
0.580396
0.580334
0.580275
0.580206
0.580193
0.580190
0.580132
0.580059
0.579956
0.579894
0.579702
0.579699
0.579679
0.579597
0.579590
0.579536
0.579517
0.579503
0.579486
0.579348
0.579347
0.579206
0.579155
0.579073
0.578991
0.578955
0.578797
0.578764
0.578537
0.578533
0.578514
0.578501
0.578343
0.578288
0.578061
0.577622
0.577528
0.577519
0.577448
0.577357
0.577289
0.577074
0.577036
0.577009
0.576910
0.576823
0.576795
0.576718
0.576718
0.576661
0.576654
0.576622
0.576519
0.576462
0.576402
0.576324
0.576298
0.576240
0.576061
0.575993
0.575690
0.575667
0.575557
0.575440
0.575433
0.575406
0.575395
0.575385
0.575374
0.575363
0.575020
0.574893
0.574694
0.574670
0.574424
0.574320
0.574316
0.574293
0.574290
0.574185
0.574112
0.574045
0.573970
0.573961
0.573949
0.573925
0.573883
0.573764
0.573749
0.573535
0.573527
0.573355
0.573305
0.573176
0.573105
0.573067
0.573025
0.573025
0.572839
0.572741
0.572686
0.572669
0.572561
0.572548
0.572417
0.572380
0.572369
0.572354
0.572288
0.572269
0.572234
0.572177
0.572134
0.572086
0.572076
0.572004
0.571943
0.571940
0.571925
0.571906
0.571893
0.571829
0.571735
0.571720
0.571644
0.571255
0.571251
0.571248
0.571150
0.571128
0.570842
0.570660
0.570636
0.570482
0.570379
0.570161
0.570107
0.569961
0.569932
0.569916
0.569819
0.569785
0.569681
0.569656
0.569644
0.569559
0.569437
0.569352
0.569282
0.569257
0.569216
0.569167
0.568879
0.568878
0.568830
0.568807
0.568785
0.568664
0.568603
0.568569
0.568427
0.568387
0.568361
0.568351
0.568335
0.568230
0.568133
0.568114
0.568066
0.568039
0.568036
0.567932
0.567836
0.567775
0.567733
0.567726
0.567667
0.567664
0.567614
0.567547
0.567533
0.567407
0.567345
0.567273
0.567266
0.567265
0.567257
0.567228
0.567191
0.567136
0.567096
0.567092
0.567011
0.566941
0.566838
0.566821
0.566738
0.566641
0.566256
0.566163
0.566147
0.566127
0.566100
0.565938
0.565920
0.565899
0.565833
0.565793
0.565750
0.565736
0.565700
0.565681
0.565634
0.565582
0.565496
0.565495
0.565402
0.564989
0.564862
0.564843
0.564686
0.564668
0.564613
0.564577
0.564506
0.564361
0.564220
0.564199
0.564176
0.564059
0.564043
0.563893
0.563736
0.563730
0.563729
0.563670
0.563320
0.563091
0.562755
0.562725
0.562550
0.562452
0.562379
0.562330
0.562260
0.562126
0.561935
0.561802
0.561790
0.561767
0.561705
0.561664
0.561663
0.561435
0.561419
0.561381
0.561275
0.561098
0.560984
0.560896
0.560875
0.560759
0.560504
0.560352
0.560332
0.560191
0.560154
0.560152
0.560132
0.559997
0.559988
0.559847
0.559586
0.559539
0.559512
0.559453
0.559445
0.559425
0.559393
0.559373
0.559321
0.559231
0.559212
0.559202
0.559164
0.559141
0.558986
0.558955
0.558869
0.558824
0.558816
0.558808
0.558784
0.558775
0.558665
0.558637
0.558557
0.558537
0.558457
0.558285
0.558246
0.558143
0.558078
0.558072
0.558017
0.557880
0.557808
0.557799
0.557781
0.557640
0.557458
0.557454
0.557404
0.557361
0.557317
0.557278
0.557271
0.556933
0.556802
0.556750
0.556673
0.556662
0.556588
0.556548
0.556520
0.556464
0.556358
0.556326
0.556295
0.556160
0.556041
0.556023
0.556003
0.555838
0.555725
0.555673
0.555622
0.555555
0.555325
0.555155
0.554927
0.554888
0.554872
0.554871
0.554852
0.554774
0.554743
0.554738
0.554460
0.554382
0.554381
0.554380
0.554353
0.554314
0.554226
0.554111
0.554073
0.553825
0.553775
0.553771
0.553737
0.553733
0.553668
0.553667
0.553631
0.553601
0.553549
0.553461
0.553404
0.553307
0.553255
0.553254
0.553126
0.553098
0.552974
0.552860
0.552835
0.552684
0.552677
0.552664
0.552471
0.552456
0.552386
0.552279
0.552266
0.552241
0.552180
0.552143
0.552094
0.552066
0.551996
0.551850
0.551739
0.551655
0.551645
0.551543
0.551491
0.551451
0.551431
0.551426
0.551354
0.551345
0.551315
0.551259
0.551238
0.551204
0.551200
0.551090
0.550762
0.550761
0.550744
0.550617
0.550602
0.550554
0.550492
0.550418
0.550418
0.550379
0.550063
0.549952
0.549925
0.549823
0.549720
0.549574
0.549535
0.549442
0.549377
0.549319
0.549310
0.549265
0.548907
0.548847
0.548777
0.548747
0.548547
0.548361
0.548249
0.548246
0.548216
0.548204
0.548027
0.547862
0.547857
0.547730
0.547710
0.547685
0.547555
0.547510
0.547490
0.547451
0.547380
0.547369
0.547310
0.547215
0.547107
0.546986
0.546936
0.546801
0.546788
0.546761
0.546723
0.546561
0.546391
0.546383
0.546323
0.546210
0.546151
0.546070
0.546066
0.546042
0.546040
0.546012
0.545873
0.545830
0.545816
0.545726
0.545697
0.545584
0.545407
0.545263
0.545213
0.545156
0.545149
0.545076
0.545054
0.545049
0.545012
0.544984
0.544952
0.544943
0.544922
0.544711
0.544514
0.544489
0.544375
0.544325
0.544319
0.544245
0.544159
0.544089
0.544084
0.544029
0.543979
0.543960
0.543874
0.543852
0.543799
0.543788
0.543726
0.543722
0.543682
0.543670
0.543480
0.543457
0.543350
0.543290
0.543196
0.543103
0.543088
0.543083
0.543082
0.543014
0.542794
0.542789
0.542730
0.542457
0.542303
0.542263
0.542216
0.542179
0.542134
0.542048
0.541950
0.541934
0.541922
0.541911
0.541873
0.541812
0.541793
0.541364
0.541331
0.541241
0.541228
0.541084
0.540971
0.540929
0.540884
0.540876
0.540873
0.540857
0.540832
0.540817
0.540802
0.540771
0.540763
0.540736
0.540736
0.540707
0.540413
0.540398
0.540290
0.540218
0.540128
0.540062
0.539920
0.539912
0.539656
0.539637
0.539306
0.539285
0.539124
0.539081
0.539078
0.538918
0.538910
0.538865
0.538761
0.538733
0.538711
0.538623
0.538594
0.538582
0.538465
0.538348
0.538155
0.538148
0.538007
0.537800
0.537583
0.537559
0.537543
0.537502
0.537467
0.537449
0.537449
0.537380
0.537320
0.537317
0.537291
0.537267
0.537122
0.537115
0.537088
0.536959
0.536936
0.536916
0.536835
0.536833
0.536831
0.536762
0.536736
0.536570
0.536563
0.536531
0.536516
0.536507
0.536402
0.536357
0.536281
0.536218
0.536193
0.536180
0.536144
0.536036
0.536018
0.535886
0.535860
0.535836
0.535676
0.535531
0.535392
0.535363
0.535260
0.535221
0.535149
0.535121
0.535029
0.534999
0.534921
0.534707
0.534495
0.534265
0.534233
0.534203
0.533835
0.533817
0.533800
0.533783
0.533693
0.533627
0.533588
0.533554
0.533442
0.533436
0.533370
0.533207
0.533189
0.533176
0.533072
0.532972
0.532745
0.532695
0.532670
0.532642
0.532624
0.532535
0.532377
0.532277
0.532217
0.532131
0.532006
0.531882
0.531878
0.531721
0.531691
0.531586
0.531395
0.531362
0.531195
0.531160
0.531145
0.531034
0.531031
0.531014
0.531009
0.530807
0.530758
0.530696
0.530640
0.530440
0.530422
0.530420
0.530304
0.530295
0.530057
0.529918
0.529869
0.529867
0.529856
0.529840
0.529820
0.529706
0.529589
0.529585
0.529402
0.529297
0.529291
0.529119
0.528940
0.528926
0.528805
0.528779
0.528765
0.528594
0.528589
0.528411
0.528304
0.528202
0.528163
0.527997
0.527975
0.527958
0.527954
0.527954
0.527926
0.527873
0.527862
0.527772
0.527685
0.527596
0.527577
0.527543
0.527514
0.527412
0.527400
0.527353
0.527330
0.527312
0.527311
0.527281
0.527251
0.527089
0.526995
0.526878
0.526862
0.526859
0.526616
0.526595
0.526493
0.526489
0.526461
0.526375
0.526268
0.526246
0.526228
0.526146
0.526012
0.525937
0.525932
0.525662
0.525549
0.525505
0.525407
0.525346
0.525265
0.525219
0.525178
0.524991
0.524987
0.524918
0.524860
0.524810
0.524795
0.524728
0.524656
0.524588
0.524583
0.524557
0.524494
0.524407
0.524285
0.524210
0.524001
0.523897
0.523811
0.523719
0.523644
0.523474
0.523409
0.523351
0.523275
0.523250
0.523138
0.523015
0.523004
0.522988
0.522754
0.522659
0.522644
0.522535
0.522514
0.522510
0.522491
0.522420
0.522397
0.522349
0.522290
0.522176
0.522076
0.522053
0.521945
0.521797
0.521768
0.521696
0.521682
0.521680
0.521489
0.521461
0.521413
0.521407
0.521340
0.521294
0.521147
0.521089
0.520861
0.520818
0.520796
0.520776
0.520753
0.520658
0.520657
0.520605
0.520511
0.520422
0.520363
0.520317
0.520314
0.520205
0.520116
0.520083
0.520063
0.519951
0.519947
0.519860
0.519805
0.519802
0.519748
0.519716
0.519659
0.519649
0.519646
0.519582
0.519531
0.519505
0.519399
0.519387
0.519266
0.519261
0.519209
0.519139
0.519097
0.519049
0.519028
0.518771
0.518767
0.518738
0.518716
0.518681
0.518510
0.518498
0.518467
0.518337
0.518112
0.518107
0.518037
0.518013
0.517934
0.517914
0.517893
0.517882
0.517766
0.517739
0.517536
0.517524
0.517450
0.517448
0.517431
0.517431
0.517392
0.517184
0.516965
0.516926
0.516851
0.516729
0.516637
0.516636
0.516618
0.516568
0.516565
0.516554
0.516418
0.516258
0.516249
0.516222
0.516213
0.516154
0.516017
0.515966
0.515950
0.515854
0.515854
0.515840
0.515729
0.515705
0.515607
0.515550
0.515525
0.515495
0.515480
0.515471
0.515418
0.515378
0.515346
0.515040
0.514967
0.514918
0.514891
0.514891
0.514852
0.514807
0.514786
0.514764
0.514693
0.514663
0.514493
0.514468
0.514432
0.514251
0.514095
0.513982
0.513982
0.513973
0.513446
0.513428
0.513375
0.513363
0.513317
0.513295
0.513260
0.513192
0.513146
0.513107
0.512977
0.512947
0.512886
0.512859
0.512789
0.512498
0.512376
0.512356
0.512139
0.512103
0.512059
0.512009
0.511821
0.511808
0.511656
0.511639
0.511557
0.511545
0.511492
0.511489
0.511477
0.511466
0.511455
0.511370
0.511156
0.511124
0.511082
0.511044
0.510996
0.510973
0.510935
0.510882
0.510857
0.510797
0.510792
0.510701
0.510382
0.510367
0.510359
0.510305
0.510184
0.509909
0.509811
0.509620
0.509567
0.509371
0.509159
0.509116
0.509050
0.509016
0.508912
0.508782
0.508741
0.508703
0.508534
0.508487
0.508195
0.508189
0.508095
0.508040
0.508010
0.507982
0.507936
0.507920
0.507657
0.507606
0.507516
0.507499
0.507271
0.507098
0.506996
0.506991
0.506980
0.506947
0.506944
0.506923
0.506921
0.506903
0.506829
0.506824
0.506817
0.506770
0.506719
0.506692
0.506634
0.506621
0.506613
0.506585
0.506578
0.506456
0.506294
0.506261
0.506230
0.506218
0.506213
0.506148
0.506116
0.505578
0.505558
0.505556
0.505550
0.505355
0.505325
0.505270
0.505254
0.505232
0.505089
0.505053
0.504691
0.504595
0.504593
0.504577
0.504428
0.504411
0.504210
0.504206
0.503817
0.503758
0.503658
0.503606
0.503570
0.503454
0.503296
0.503239
0.503202
0.503173
0.503082
0.503038
0.503024
0.502940
0.502858
0.502802
0.502754
0.502658
0.502371
0.502262
0.502215
0.502162
0.502102
0.502006
0.501985
0.501882
0.501839
0.501836
0.501588
0.501581
0.501578
0.501512
0.501391
0.501331
0.501270
0.500904
0.500697
0.500686
0.500611
0.500513
0.500402
0.500390
0.500225
0.500169
0.500096
0.499972
0.499843
0.499836
0.499827
0.499826
0.499786
0.499524
0.499453
0.499421
0.499319
0.499196
0.499090
0.498992
0.498937
0.498909
0.498890
0.498889
0.498811
0.498764
0.498665
0.498663
0.498651
0.498620
0.498505
0.498472
0.498318
0.497947
0.497886
0.497789
0.497577
0.497577
0.497515
0.497501
0.497429
0.497367
0.497278
0.497241
0.497240
0.497115
0.496924
0.496890
0.496814
0.496764
0.496521
0.496484
0.496336
0.496323
0.495911
0.495794
0.495786
0.495783
0.495677
0.495560
0.495424
0.495266
0.495144
0.495119
0.495062
0.495055
0.495026
0.494735
0.494693
0.494654
0.494642
0.494633
0.494630
0.494595
0.494591
0.494554
0.494546
0.494503
0.494354
0.494294
0.494294
0.494270
0.494213
0.494160
0.493978
0.493873
0.493841
0.493679
0.493549
0.493519
0.493507
0.493465
0.493217
0.493070
0.493001
0.492884
0.492829
0.492808
0.492795
0.492786
0.492784
0.492666
0.492585
0.492550
0.492539
0.492530
0.492446
0.492372
0.492345
0.492294
0.492248
0.492188
0.492131
0.492120
0.492112
0.492039
0.491832
0.491818
0.491757
0.491688
0.491680
0.491616
0.491548
0.491539
0.491524
0.491475
0.491416
0.491333
0.491212
0.490731
0.490618
0.490616
0.490456
0.490236
0.490192
0.490171
0.490169
0.490136
0.490003
0.489983
0.489936
0.489851
0.489711
0.489657
0.489606
0.489558
0.489541
0.489449
0.489291
0.489267
0.489226
0.489057
0.489048
0.489043
0.488948
0.488886
0.488843
0.488632
0.488596
0.488529
0.488489
0.488401
0.488314
0.488184
0.488073
0.487951
0.487913
0.487807
0.487779
0.487777
0.487737
0.487697
0.487668
0.487520
0.487421
0.487418
0.487366
0.487348
0.487258
0.487244
0.487214
0.487179
0.487164
0.487099
0.486981
0.486976
0.486868
0.486850
0.486833
0.486818
0.486784
0.486698
0.486690
0.486626
0.486592
0.486528
0.486478
0.486303
0.486278
0.486232
0.486173
0.486171
0.486071
0.486056
0.486009
0.485964
0.485882
0.485817
0.485770
0.485650
0.485601
0.485411
0.485331
0.485223
0.485218
0.485076
0.485002
0.485001
0.484999
0.484834
0.484827
0.484737
0.484669
0.484624
0.484615
0.484597
0.484595
0.484545
0.484532
0.484520
0.484484
0.484408
0.484275
0.484148
0.484144
0.484058
0.483984
0.483954
0.483879
0.483861
0.483794
0.483784
0.483717
0.483629
0.483602
0.483583
0.483568
0.483517
0.483512
0.483468
0.483441
0.483277
0.483244
0.483116
0.483021
0.483004
0.482949
0.482940
0.482859
0.482787
0.482759
0.482741
0.482720
0.482619
0.482579
0.482423
0.482414
0.482374
0.482204
0.482164
0.482142
0.482126
0.482106
0.482104
0.482083
0.482063
0.482036
0.481972
0.481881
0.481832
0.481820
0.481757
0.481754
0.481734
0.481722
0.481686
0.481685
0.481634
0.481585
0.481522
0.481496
0.481491
0.481372
0.481296
0.481241
0.481160
0.481085
0.480985
0.480978
0.480884
0.480796
0.480764
0.480761
0.480611
0.480507
0.480468
0.480449
0.480410
0.480337
0.480280
0.480221
0.480211
0.480178
0.480174
0.480145
0.480125
0.480101
0.480094
0.479998
0.479993
0.479866
0.479837
0.479772
0.479729
0.479575
0.479260
0.479237
0.479212
0.479183
0.479170
0.479140
0.478966
0.478947
0.478850
0.478840
0.478832
0.478689
0.478619
0.478599
0.478542
0.478530
0.478528
0.478480
0.478461
0.478226
0.478225
0.478163
0.478089
0.477867
0.477862
0.477706
0.477428
0.477373
0.477354
0.477278
0.477269
0.477159
0.477153
0.476999
0.476921
0.476839
0.476812
0.476794
0.476767
0.476765
0.476570
0.476564
0.476479
0.476399
0.476320
0.476319
0.476307
0.476238
0.476126
0.475860
0.475831
0.475657
0.475602
0.475523
0.475504
0.475332
0.475273
0.475229
0.475148
0.475083
0.475056
0.475001
0.474869
0.474839
0.474678
0.474624
0.474463
0.474400
0.474023
0.474019
0.474016
0.473953
0.473920
0.473788
0.473676
0.473488
0.473372
0.473314
0.473101
0.473082
0.473082
0.473070
0.472982
0.472926
0.472891
0.472819
0.472761
0.472750
0.472300
0.472074
0.471919
0.471919
0.471803
0.471747
0.471699
0.471690
0.471680
0.471550
0.471483
0.471286
0.471223
0.471173
0.471123
0.470972
0.470967
0.470898
0.470817
0.470714
0.470696
0.470670
0.470670
0.470665
0.470614
0.470499
0.470491
0.470422
0.470360
0.470356
0.470339
0.470234
0.470194
0.470190
0.470179
0.470154
0.470135
0.470134
0.470084
0.470082
0.470053
0.469947
0.469907
0.469844
0.469779
0.469662
0.469630
0.469609
0.469395
0.469367
0.469313
0.469307
0.469070
0.469007
0.468828
0.468794
0.468738
0.468701
0.468627
0.468585
0.468549
0.468541
0.468507
0.468298
0.468133
0.468014
0.467852
0.467740
0.467628
0.467482
0.467470
0.467456
0.467433
0.467405
0.467347
0.467312
0.467268
0.467221
0.467171
0.466960
0.466945
0.466864
0.466823
0.466769
0.466606
0.466511
0.466405
0.466365
0.466354
0.466332
0.466287
0.466242
0.466074
0.466018
0.465999
0.465944
0.465838
0.465690
0.465581
0.465538
0.465522
0.465488
0.465460
0.465378
0.465312
0.464968
0.464965
0.464917
0.464861
0.464558
0.464297
0.464291
0.464230
0.464136
0.464125
0.464074
0.463952
0.463928
0.463886
0.463795
0.463749
0.463651
0.463626
0.463611
0.463512
0.463440
0.463256
0.463202
0.463043
0.462982
0.462957
0.462840
0.462614
0.462547
0.462544
0.462488
0.462476
0.462467
0.462318
0.462199
0.462147
0.462126
0.462070
0.461766
0.461747
0.461532
0.461489
0.461469
0.461459
0.461204
0.460730
0.460653
0.460636
0.460589
0.460543
0.460430
0.460401
0.460377
0.460354
0.460319
0.460185
0.460178
0.460163
0.460076
0.460042
0.459994
0.459990
0.459950
0.459908
0.459877
0.459859
0.459712
0.459712
0.459686
0.459624
0.459568
0.459551
0.459529
0.459523
0.459499
0.459450
0.459446
0.459095
0.458994
0.458886
0.458756
0.458722
0.458712
0.458647
0.458609
0.458408
0.458403
0.458186
0.458118
0.458062
0.458037
0.457966
0.457867
0.457844
0.457797
0.457793
0.457757
0.457693
0.457639
0.457595
0.457515
0.457460
0.457432
0.457412
0.457359
0.457290
0.457234
0.457101
0.456970
0.456953
0.456911
0.456693
0.456677
0.456415
0.456232
0.456225
0.456162
0.456049
0.455972
0.455966
0.455927
0.455925
0.455876
0.455837
0.455808
0.455767
0.455764
0.455735
0.455676
0.455667
0.455664
0.455570
0.455513
0.455511
0.455374
0.455297
0.455183
0.454979
0.454880
0.454816
0.454754
0.454690
0.454681
0.454672
0.454658
0.454619
0.454544
0.454483
0.454429
0.454401
0.454309
0.454248
0.454172
0.454126
0.454124
0.454050
0.454006
0.454006
0.453978
0.453974
0.453823
0.453713
0.453662
0.453260
0.453120
0.453050
0.452941
0.452896
0.452603
0.452577
0.452483
0.452482
0.452469
0.452364
0.452210
0.452189
0.452182
0.452160
0.451972
0.451908
0.451788
0.451764
0.451763
0.451756
0.451735
0.451649
0.451574
0.451508
0.451455
0.451229
0.451219
0.451214
0.451189
0.451122
0.450959
0.450951
0.450899
0.450735
0.450620
0.450500
0.450410
0.450388
0.450238
0.450221
0.450172
0.450154
0.450044
0.450002
0.449846
0.449827
0.449750
0.449743
0.449701
0.449665
0.449552
0.449515
0.449507
0.449347
0.449315
0.449213
0.449187
0.449157
0.449144
0.449083
0.449028
0.449025
0.449011
0.448871
0.448828
0.448710
0.448670
0.448602
0.448579
0.448528
0.448364
0.448335
0.448175
0.448150
0.448094
0.448055
0.447900
0.447879
0.447855
0.447812
0.447595
0.447325
0.447259
0.447195
0.447135
0.447134
0.447059
0.446959
0.446918
0.446895
0.446838
0.446832
0.446782
0.446655
0.446616
0.446573
0.446422
0.446414
0.446297
0.446231
0.446181
0.446111
0.446051
0.445852
0.445766
0.445748
0.445732
0.445633
0.445469
0.445381
0.445152
0.445061
0.444999
0.444955
0.444924
0.444898
0.444870
0.444853
0.444793
0.444759
0.444758
0.444647
0.444640
0.444453
0.444447
0.444353
0.444353
0.444343
0.444335
0.444310
0.444306
0.444263
0.444240
0.444195
0.444043
0.444019
0.443976
0.443806
0.443767
0.443731
0.443722
0.443674
0.443670
0.443580
0.443578
0.443482
0.443475
0.443433
0.443420
0.443341
0.442877
0.442755
0.442745
0.442726
0.442686
0.442676
0.442526
0.442383
0.442168
0.441996
0.441955
0.441937
0.441866
0.441798
0.441668
0.441636
0.441635
0.441508
0.441483
0.441474
0.441377
0.441371
0.441346
0.441264
0.441202
0.441187
0.441139
0.440995
0.440967
0.440944
0.440922
0.440719
0.440523
0.440518
0.440481
0.440421
0.440250
0.440250
0.440206
0.440198
0.440119
0.439925
0.439746
0.439744
0.439712
0.439568
0.439495
0.439389
0.439382
0.439196
0.439061
0.439030
0.438973
0.438890
0.438831
0.438802
0.438740
0.438659
0.438554
0.438310
0.438305
0.438233
0.438233
0.437902
0.437739
0.437674
0.437613
0.437582
0.437543
0.437438
0.437398
0.437381
0.437324
0.437222
0.437175
0.437171
0.437060
0.437040
0.436959
0.436944
0.436901
0.436854
0.436824
0.436726
0.436659
0.436647
0.436642
0.436586
0.436579
0.436481
0.436479
0.436430
0.436413
0.436364
0.436274
0.435908
0.435857
0.435838
0.435797
0.435718
0.435674
0.435666
0.435590
0.435475
0.435459
0.435427
0.435362
0.435114
0.435071
0.435065
0.435063
0.435015
0.434953
0.434916
0.434873
0.434867
0.434813
0.434759
0.434754
0.434722
0.434100
0.434061
0.433930
0.433730
0.433730
0.433729
0.433695
0.433686
0.433673
0.433658
0.433646
0.433623
0.433585
0.433513
0.433482
0.433409
0.433381
0.433348
0.432979
0.432895
0.432894
0.432862
0.432740
0.432652
0.432651
0.432625
0.432598
0.432510
0.432470
0.432362
0.432339
0.432328
0.432328
0.432315
0.432198
0.432187
0.432010
0.431858
0.431818
0.431742
0.431590
0.431568
0.431489
0.431399
0.431306
0.431211
0.431105
0.431102
0.431083
0.430957
0.430901
0.430855
0.430306
0.430227
0.430140
0.429913
0.429894
0.429853
0.429819
0.429797
0.429762
0.429642
0.429539
0.429498
0.429291
0.429240
0.429132
0.428902
0.428839
0.428823
0.428777
0.428757
0.428735
0.428544
0.428536
0.428466
0.428440
0.428437
0.428356
0.428244
0.428071
0.428055
0.428032
0.427970
0.427808
0.427671
0.427670
0.427660
0.427624
0.427616
0.427458
0.427355
0.427253
0.427233
0.427230
0.427200
0.427199
0.427133
0.427102
0.427102
0.427023
0.427013
0.426973
0.426961
0.426939
0.426883
0.426858
0.426823
0.426720
0.426715
0.426701
0.426677
0.426654
0.426551
0.426549
0.426288
0.426285
0.426284
0.426278
0.426239
0.426169
0.426147
0.426127
0.426076
0.425980
0.425952
0.425920
0.425913
0.425698
0.425556
0.425535
0.425411
0.425313
0.425219
0.425181
0.425105
0.425062
0.425054
0.424967
0.424915
0.424677
0.424646
0.424525
0.424443
0.424429
0.424325
0.424320
0.424256
0.424052
0.424028
0.423881
0.423776
0.423454
0.423343
0.423180
0.423151
0.423082
0.422922
0.422806
0.422767
0.422652
0.422521
0.422320
0.422195
0.421960
0.421938
0.421837
0.421776
0.421740
0.421723
0.421708
0.421696
0.421636
0.421622
0.421542
0.421517
0.421347
0.421065
0.421064
0.420698
0.420627
0.420501
0.420433
0.420276
0.420025
0.420017
0.419983
0.419809
0.419803
0.419737
0.419726
0.419670
0.419607
0.419510
0.419372
0.419340
0.419196
0.419111
0.419082
0.418750
0.418726
0.418693
0.418567
0.418444
0.418368
0.418357
0.418331
0.418283
0.418208
0.418200
0.418195
0.418103
0.418009
0.417871
0.417857
0.417836
0.417597
0.417574
0.417506
0.417451
0.417439
0.417355
0.417244
0.417162
0.417106
0.416918
0.416808
0.416765
0.416724
0.416686
0.416651
0.416399
0.416374
0.416347
0.416148
0.416136
0.416021
0.415971
0.415907
0.415859
0.415856
0.415733
0.415648
0.415591
0.415475
0.415404
0.415251
0.415172
0.415152
0.415119
0.414984
0.414902
0.414857
0.414833
0.414797
0.414791
0.414749
0.414705
0.414603
0.414464
0.414386
0.414286
0.414096
0.414038
0.413997
0.413852
0.413841
0.413815
0.413748
0.413721
0.413710
0.413657
0.413502
0.413346
0.413182
0.412967
0.412961
0.412932
0.412857
0.412836
0.412790
0.412748
0.412646
0.412541
0.412502
0.412452
0.412430
0.412359
0.412251
0.412195
0.412176
0.412152
0.412126
0.412087
0.412073
0.412053
0.411922
0.411668
0.411642
0.411523
0.411519
0.411512
0.411435
0.411337
0.411304
0.411243
0.411194
0.411191
0.410847
0.410814
0.410808
0.410755
0.410689
0.410666
0.410655
0.410651
0.410619
0.410596
0.410517
0.410469
0.410434
0.410426
0.410416
0.410327
0.410325
0.410275
0.410249
0.410223
0.410203
0.410156
0.410081
0.410051
0.410045
0.409971
0.409840
0.409834
0.409758
0.409717
0.409400
0.409335
0.409313
0.409224
0.409108
0.409048
0.409045
0.408964
0.408844
0.408774
0.408626
0.408572
0.408568
0.408547
0.408452
0.408316
0.408304
0.408297
0.408210
0.408111
0.407921
0.407803
0.407723
0.407639
0.407589
0.407491
0.407186
0.407119
0.407112
0.407107
0.407060
0.406880
0.406762
0.406747
0.406668
0.406652
0.406554
0.406532
0.406516
0.406477
0.406451
0.406438
0.406436
0.406403
0.406171
0.406169
0.406134
0.405970
0.405763
0.405667
0.405653
0.405617
0.405610
0.405558
0.405544
0.405474
0.405418
0.405338
0.405316
0.405303
0.405197
0.405019
0.404932
0.404896
0.404893
0.404851
0.404788
0.404749
0.404618
0.404587
0.404578
0.404481
0.404330
0.404277
0.404268
0.404262
0.404241
0.404167
0.404160
0.404077
0.404021
0.403982
0.403954
0.403815
0.403647
0.403417
0.403404
0.403402
0.403267
0.403116
0.403107
0.403036
0.402629
0.402573
0.402536
0.402508
0.402460
0.402386
0.402298
0.402230
0.402172
0.402108
0.401775
0.401749
0.401638
0.401623
0.401616
0.401524
0.401435
0.401428
0.401344
0.401173
0.401137
0.400988
0.400924
0.400848
0.400690
0.400687
0.400611
0.400433
0.400322
0.400316
0.400303
0.400294
0.400177
0.400152
0.400120
0.399873
0.399840
0.399835
0.399799
0.399682
0.399286
0.399157
0.399064
0.399040
0.398857
0.398839
0.398833
0.398819
0.398806
0.398701
0.398657
0.398549
0.398497
0.398221
0.398171
0.398114
0.397808
0.397735
0.397715
0.397686
0.397602
0.397596
0.397567
0.397479
0.397441
0.397435
0.397334
0.397303
0.397245
0.397210
0.397210
0.397208
0.397120
0.396819
0.396757
0.396686
0.396568
0.396526
0.396471
0.396424
0.396357
0.396241
0.396206
0.396199
0.396138
0.396128
0.396035
0.396018
0.395988
0.395968
0.395933
0.395929
0.395833
0.395790
0.395756
0.395745
0.395614
0.395507
0.395295
0.395266
0.395185
0.394882
0.394843
0.394834
0.394801
0.394730
0.394686
0.394439
0.394361
0.394314
0.394297
0.394296
0.394233
0.394132
0.393721
0.393676
0.393668
0.393614
0.393495
0.393490
0.393445
0.393423
0.393401
0.393273
0.393016
0.392995
0.392878
0.392849
0.392842
0.392788
0.392719
0.392707
0.392646
0.392611
0.392572
0.392531
0.392465
0.392110
0.392106
0.392039
0.391960
0.391946
0.391871
0.391830
0.391756
0.391743
0.391706
0.391624
0.391571
0.391549
0.391543
0.391516
0.391486
0.391476
0.391449
0.391346
0.391314
0.391177
0.391076
0.390954
0.390936
0.390907
0.390905
0.390764
0.390641
0.390555
0.390541
0.390513
0.390268
0.390170
0.390133
0.389985
0.389874
0.389838
0.389654
0.389623
0.389601
0.389457
0.389427
0.389417
0.389306
0.389256
0.389244
0.389234
0.389203
0.389126
0.389000
0.388976
0.388837
0.388749
0.388747
0.388686
0.388666
0.388643
0.388517
0.388300
0.388172
0.388156
0.387888
0.387842
0.387711
0.387684
0.387515
0.387424
0.387397
0.387332
0.387274
0.387111
0.387083
0.387080
0.387070
0.387015
0.386919
0.386531
0.386404
0.386372
0.386325
0.386299
0.386221
0.386086
0.385976
0.385837
0.385836
0.385749
0.385663
0.385640
0.385634
0.385499
0.385414
0.385330
0.385316
0.385280
0.385271
0.385251
0.385246
0.385215
0.385162
0.385123
0.385103
0.384998
0.384932
0.384896
0.384856
0.384659
0.384647
0.384444
0.384424
0.384267
0.384199
0.384134
0.384034
0.384019
0.383989
0.383797
0.383712
0.383707
0.383683
0.383625
0.383622
0.383600
0.383450
0.383357
0.383177
0.383173
0.383105
0.383078
0.382841
0.382805
0.382742
0.382666
0.382426
0.382362
0.382342
0.382310
0.382291
0.382254
0.382219
0.382207
0.382180
0.382141
0.382018
0.381986
0.381976
0.381891
0.381886
0.381369
0.381071
0.381016
0.381011
0.380957
0.380775
0.380771
0.380534
0.380510
0.380461
0.380353
0.380346
0.380318
0.380215
0.380148
0.380095
0.380044
0.379963
0.379823
0.379646
0.379631
0.379525
0.379451
0.379361
0.379272
0.379213
0.379172
0.379062
0.378786
0.378626
0.378578
0.378421
0.378294
0.378279
0.378113
0.378092
0.377984
0.377958
0.377905
0.377862
0.377778
0.377668
0.377664
0.377642
0.377638
0.377559
0.377480
0.377328
0.377280
0.377199
0.377133
0.376673
0.376659
0.376577
0.376450
0.376450
0.376424
0.376405
0.376386
0.376351
0.376261
0.376158
0.375941
0.375904
0.375876
0.375827
0.375815
0.375782
0.375746
0.375611
0.375501
0.375362
0.375210
0.375124
0.375034
0.375009
0.374891
0.374888
0.374605
0.374577
0.374565
0.374429
0.374418
0.374399
0.374266
0.374183
0.374113
0.373963
0.373938
0.373925
0.373864
0.373850
0.373746
0.373737
0.373709
0.373705
0.373395
0.373346
0.373282
0.373262
0.373224
0.373093
0.373084
0.373082
0.373076
0.372929
0.372912
0.372857
0.372784
0.372765
0.372746
0.372735
0.372554
0.372343
0.372341
0.372297
0.372250
0.372183
0.372164
0.372129
0.372034
0.372014
0.371928
0.371926
0.371909
0.371848
0.371842
0.371746
0.371732
0.371523
0.371522
0.371509
0.371505
0.371474
0.371469
0.371437
0.371368
0.371361
0.371279
0.371245
0.371203
0.370701
0.370608
0.370590
0.370576
0.370501
0.370442
0.370253
0.370222
0.370063
0.370018
0.369852
0.369831
0.369769
0.369752
0.369723
0.369678
0.369631
0.369621
0.369474
0.369422
0.369408
0.369334
0.369203
0.369183
0.368900
0.368842
0.368776
0.368669
0.368602
0.368565
0.368551
0.368545
0.368531
0.368508
0.368396
0.368359
0.368273
0.368053
0.367963
0.367902
0.367729
0.367634
0.367538
0.367436
0.367429
0.367235
0.367060
0.367028
0.367018
0.366911
0.366906
0.366882
0.366781
0.366710
0.366704
0.366642
0.366613
0.366610
0.366564
0.366486
0.366369
0.366325
0.366309
0.366289
0.366212
0.366194
0.366129
0.365959
0.365699
0.365654
0.365564
0.365470
0.365363
0.365205
0.365187
0.365151
0.365102
0.365029
0.364993
0.364989
0.364911
0.364870
0.364753
0.364482
0.364452
0.364413
0.364409
0.364374
0.364330
0.364299
0.364249
0.364114
0.363916
0.363805
0.363766
0.363763
0.363711
0.363676
0.363643
0.363513
0.363481
0.363480
0.363454
0.363183
0.363160
0.363047
0.362772
0.362577
0.362515
0.362333
0.362313
0.362286
0.362219
0.362164
0.362042
0.361968
0.361876
0.361785
0.361749
0.361648
0.361604
0.361564
0.361541
0.361334
0.361206
0.361174
0.361134
0.361112
0.361106
0.361089
0.361084
0.361000
0.360924
0.360918
0.360666
0.360625
0.360256
0.360228
0.360227
0.360189
0.359870
0.359780
0.359729
0.359688
0.359679
0.359625
0.359553
0.359492
0.359420
0.359320
0.359253
0.359066
0.358988
0.358944
0.358924
0.358883
0.358838
0.358799
0.358607
0.358592
0.358229
0.358210
0.358111
0.357948
0.357758
0.357553
0.357399
0.357146
0.357109
0.357086
0.356904
0.356888
0.356839
0.356715
0.356706
0.356620
0.356614
0.356602
0.356506
0.356493
0.356284
0.356243
0.356221
0.356191
0.356151
0.356027
0.355885
0.355847
0.355677
0.355530
0.355477
0.355476
0.355459
0.355449
0.355446
0.355424
0.355422
0.355416
0.355375
0.355343
0.355317
0.355247
0.355187
0.355043
0.355031
0.355001
0.354993
0.354978
0.354974
0.354960
0.354787
0.354783
0.354706
0.354702
0.354684
0.354606
0.354523
0.354448
0.354164
0.354069
0.354054
0.354031
0.353978
0.353780
0.353776
0.353756
0.353652
0.353485
0.353330
0.353184
0.353166
0.353102
0.353032
0.353008
0.352997
0.352816
0.352807
0.352779
0.352761
0.352732
0.352399
0.352327
0.352290
0.352238
0.352166
0.352097
0.352022
0.351938
0.351793
0.351651
0.351625
0.351562
0.351541
0.351496
0.351455
0.351324
0.351322
0.351196
0.351167
0.351153
0.351016
0.350994
0.350992
0.350983
0.350926
0.350923
0.350889
0.350870
0.350847
0.350808
0.350765
0.350760
0.350715
0.350683
0.350680
0.350633
0.350547
0.350514
0.350430
0.350340
0.350333
0.349928
0.349835
0.349717
0.349709
0.349698
0.349458
0.349442
0.349356
0.349004
0.348978
0.348952
0.348819
0.348794
0.348782
0.348763
0.348728
0.348714
0.348627
0.348514
0.348384
0.348139
0.348105
0.348097
0.348096
0.348065
0.347987
0.347941
0.347744
0.347695
0.347642
0.347612
0.347563
0.347530
0.347502
0.347482
0.347281
0.347222
0.347113
0.347112
0.347080
0.347066
0.347061
0.347043
0.347005
0.346944
0.346834
0.346636
0.346631
0.346614
0.346527
0.346505
0.346306
0.346215
0.346202
0.346186
0.346085
0.346008
0.345961
0.345843
0.345739
0.345731
0.345696
0.345627
0.345493
0.345321
0.345320
0.345176
0.345103
0.345097
0.345016
0.345005
0.344998
0.344985
0.344972
0.344731
0.344705
0.344606
0.344467
0.344386
0.344144
0.344090
0.344067
0.344066
0.344003
0.343913
0.343864
0.343816
0.343736
0.343717
0.343708
0.343594
0.343570
0.343550
0.343522
0.343488
0.343436
0.343384
0.343035
0.342866
0.342864
0.342728
0.342709
0.342685
0.342682
0.342609
0.342597
0.342581
0.342491
0.342428
0.342374
0.342371
0.342305
0.342169
0.342114
0.342047
0.341955
0.341951
0.341786
0.341765
0.341711
0.341625
0.341585
0.341581
0.341555
0.341460
0.341384
0.341374
0.341183
0.341150
0.341147
0.341080
0.341050
0.341044
0.340753
0.340624
0.340596
0.340582
0.340519
0.340412
0.340386
0.340382
0.340318
0.340111
0.340080
0.340050
0.340045
0.339971
0.339956
0.339919
0.339788
0.339712
0.339704
0.339629
0.339609
0.339492
0.339367
0.339356
0.339337
0.339328
0.339292
0.339135
0.339075
0.338948
0.338901
0.338769
0.338702
0.338526
0.338437
0.338319
0.338178
0.338097
0.338048
0.337988
0.337930
0.337927
0.337632
0.337547
0.337450
0.337264
0.337245
0.337177
0.337164
0.336935
0.336932
0.336895
0.336641
0.336606
0.336562
0.336535
0.336519
0.336355
0.336343
0.336295
0.336262
0.336188
0.336052
0.335914
0.335857
0.335819
0.335678
0.335646
0.335502
0.335379
0.335358
0.335099
0.335009
0.334958
0.334877
0.334804
0.334783
0.334312
0.334245
0.334085
0.333887
0.333549
0.333279
0.333257
0.333155
0.333117
0.332731
0.332516
0.332416
0.332359
0.332347
0.332326
0.332304
0.332231
0.332168
0.332078
0.331952
0.331821
0.331821
0.331807
0.331780
0.331645
0.331419
0.331397
0.331259
0.331247
0.331190
0.331134
0.330997
0.330962
0.330807
0.330791
0.330778
0.330730
0.330685
0.330604
0.330469
0.330314
0.330267
0.330243
0.330089
0.330072
0.330030
0.330016
0.329873
0.329649
0.329636
0.329634
0.329543
0.329489
0.329482
0.329452
0.329314
0.329284
0.329224
0.329002
0.328983
0.328974
0.328852
0.328833
0.328800
0.328791
0.328465
0.328429
0.328404
0.328380
0.328373
0.328309
0.328303
0.328171
0.328086
0.327905
0.327874
0.327841
0.327738
0.327733
0.327731
0.327627
0.327623
0.327599
0.327595
0.327556
0.327275
0.327271
0.327254
0.327237
0.327234
0.327233
0.327230
0.327226
0.327038
0.326863
0.326756
0.326601
0.326489
0.326488
0.326442
0.326127
0.326120
0.326099
0.326094
0.326046
0.325904
0.325885
0.325657
0.325615
0.325608
0.325555
0.325514
0.325249
0.324916
0.324715
0.324634
0.324484
0.324284
0.324260
0.324086
0.323949
0.323828
0.323715
0.323608
0.323531
0.323380
0.323204
0.323200
0.323181
0.323152
0.323049
0.323030
0.323019
0.323003
0.322767
0.322613
0.322412
0.322333
0.322330
0.322310
0.322233
0.322103
0.321917
0.321816
0.321750
0.321747
0.321589
0.321574
0.321477
0.321386
0.321364
0.321331
0.321235
0.321118
0.321062
0.321044
0.320966
0.320836
0.320829
0.320787
0.320771
0.320730
0.320659
0.320646
0.320574
0.320571
0.320299
0.320260
0.320177
0.320170
0.320153
0.320151
0.320071
0.319969
0.319776
0.319707
0.319670
0.319384
0.319349
0.319124
0.319096
0.319059
0.319048
0.319039
0.318944
0.318701
0.318432
0.318302
0.318301
0.318273
0.318113
0.318057
0.318050
0.317999
0.317892
0.317823
0.317740
0.317721
0.317695
0.317693
0.317678
0.317623
0.317603
0.317540
0.317530
0.317416
0.317372
0.317330
0.317173
0.317059
0.316953
0.316876
0.316872
0.316859
0.316806
0.316717
0.316709
0.316700
0.316462
0.316422
0.316405
0.316360
0.316359
0.316312
0.316086
0.316030
0.316008
0.315920
0.315836
0.315771
0.315764
0.315726
0.315690
0.315683
0.315630
0.315559
0.315364
0.315153
0.315124
0.315111
0.315081
0.315079
0.315005
0.314923
0.314634
0.314547
0.314525
0.314406
0.314393
0.314260
0.314189
0.314131
0.314109
0.314050
0.313932
0.313860
0.313843
0.313672
0.313630
0.313358
0.313289
0.313043
0.313036
0.313013
0.313001
0.312941
0.312882
0.312871
0.312542
0.312432
0.312398
0.312396
0.312267
0.312093
0.312088
0.312084
0.312067
0.312018
0.311984
0.311777
0.311757
0.311580
0.311449
0.311444
0.311390
0.311326
0.311303
0.311155
0.311001
0.310979
0.310922
0.310858
0.310854
0.310816
0.310769
0.310746
0.310479
0.310447
0.310343
0.310280
0.310215
0.310214
0.310195
0.310183
0.310071
0.309953
0.309876
0.309855
0.309745
0.309742
0.309726
0.309664
0.309655
0.309567
0.309561
0.309556
0.309305
0.309018
0.308955
0.308849
0.308842
0.308666
0.308647
0.308548
0.308406
0.308388
0.308354
0.308328
0.308264
0.308209
0.308164
0.308069
0.308054
0.307986
0.307918
0.307917
0.307862
0.307861
0.307857
0.307686
0.307683
0.307546
0.307539
0.307536
0.307315
0.307307
0.307278
0.307155
0.307126
0.307096
0.307051
0.307018
0.306834
0.306746
0.306704
0.306653
0.306471
0.306401
0.306387
0.306288
0.306241
0.306087
0.305748
0.305737
0.305648
0.305563
0.305546
0.305536
0.305505
0.305344
0.305309
0.305227
0.305218
0.305053
0.304980
0.304788
0.304734
0.304722
0.304654
0.304505
0.304378
0.304321
0.304260
0.304077
0.303979
0.303759
0.303668
0.303620
0.303586
0.303540
0.303473
0.303446
0.303411
0.303142
0.303120
0.303086
0.303062
0.303033
0.302960
0.302907
0.302897
0.302790
0.302747
0.302294
0.302238
0.302127
0.302123
0.301989
0.301517
0.301515
0.301307
0.301244
0.301225
0.301206
0.301074
0.300985
0.300982
0.300959
0.300821
0.300807
0.300707
0.300705
0.300697
0.300536
0.300411
0.300382
0.300251
0.300219
0.300073
0.300052
0.300044
0.299996
0.299870
0.299624
0.299574
0.299471
0.299362
0.299322
0.299208
0.299071
0.299067
0.299032
0.298964
0.298846
0.298844
0.298747
0.298703
0.298689
0.298595
0.298482
0.298472
0.298217
0.298167
0.298155
0.297975
0.297958
0.297927
0.297911
0.297772
0.297754
0.297706
0.297578
0.297574
0.297538
0.297382
0.297350
0.297323
0.297302
0.297181
0.297107
0.297084
0.297049
0.296992
0.296988
0.296819
0.296777
0.296752
0.296648
0.296632
0.296519
0.296516
0.296416
0.296242
0.296023
0.296004
0.295810
0.295755
0.295694
0.295666
0.295628
0.295452
0.295387
0.295301
0.295295
0.295289
0.295202
0.295002
0.294935
0.294845
0.294797
0.294777
0.294680
0.294664
0.294622
0.294543
0.294438
0.294433
0.294397
0.294362
0.294308
0.294184
0.294108
0.294080
0.293974
0.293958
0.293808
0.293805
0.293595
0.293565
0.293553
0.293540
0.293512
0.293453
0.293260
0.293179
0.293165
0.293124
0.293017
0.292894
0.292760
0.292721
0.292672
0.292656
0.292470
0.292453
0.292428
0.292379
0.292268
0.292252
0.292231
0.292037
0.291917
0.291905
0.291852
0.291748
0.291622
0.291611
0.291578
0.291552
0.291542
0.291495
0.291350
0.291322
0.291168
0.291122
0.291091
0.291087
0.291057
0.291038
0.290873
0.290835
0.290823
0.290731
0.290663
0.290656
0.290626
0.290314
0.290285
0.290281
0.290212
0.290210
0.290134
0.289866
0.289802
0.289786
0.289625
0.289597
0.289183
0.289034
0.288874
0.288864
0.288789
0.288726
0.288703
0.288633
0.288559
0.288555
0.288515
0.288490
0.288381
0.288319
0.288228
0.288110
0.288101
0.287897
0.287847
0.287833
0.287807
0.287776
0.287722
0.287673
0.287656
0.287621
0.287611
0.287523
0.287478
0.287475
0.287435
0.287407
0.287365
0.287308
0.287274
0.287198
0.287109
0.286994
0.286892
0.286802
0.286707
0.286633
0.286627
0.286626
0.286596
0.286501
0.286272
0.286249
0.286206
0.286193
0.286145
0.286137
0.285999
0.285958
0.285854
0.285784
0.285560
0.285560
0.285555
0.285526
0.285514
0.285496
0.285448
0.285334
0.285326
0.285169
0.285113
0.285063
0.285057
0.285022
0.284895
0.284880
0.284793
0.284698
0.284651
0.284651
0.284607
0.284581
0.284544
0.284490
0.284486
0.284395
0.284379
0.284369
0.284347
0.284286
0.284229
0.284179
0.284158
0.284149
0.284139
0.284034
0.283848
0.283551
0.283512
0.283467
0.283442
0.283350
0.283314
0.283255
0.283245
0.283196
0.283139
0.283085
0.283012
0.282891
0.282878
0.282778
0.282644
0.282618
0.282420
0.282339
0.282192
0.282088
0.282077
0.281934
0.281874
0.281814
0.281654
0.281596
0.281438
0.281325
0.281305
0.281199
0.281195
0.281072
0.280885
0.280867
0.280745
0.280686
0.280675
0.280456
0.280415
0.280352
0.280332
0.280263
0.280165
0.279770
0.279557
0.279552
0.279513
0.279507
0.279430
0.279342
0.279259
0.279193
0.279144
0.279144
0.279127
0.279084
0.279042
0.279001
0.278991
0.278899
0.278863
0.278604
0.278397
0.278341
0.278338
0.278237
0.278163
0.278114
0.278039
0.278025
0.277836
0.277547
0.277410
0.277350
0.277177
0.277057
0.277032
0.276808
0.276772
0.276726
0.276537
0.276354
0.276342
0.276330
0.276202
0.276066
0.275896
0.275823
0.275823
0.275821
0.275797
0.275767
0.275469
0.275452
0.275434
0.275410
0.275189
0.275153
0.275137
0.274615
0.274593
0.274555
0.274335
0.274253
0.274154
0.274102
0.274102
0.273848
0.273816
0.273526
0.273490
0.273481
0.273417
0.273377
0.273297
0.273121
0.273072
0.272981
0.272817
0.272744
0.272694
0.272379
0.272312
0.272291
0.272283
0.272280
0.272211
0.272149
0.271972
0.271835
0.271767
0.271753
0.271717
0.271699
0.271564
0.271552
0.271490
0.271450
0.271416
0.271329
0.271147
0.271089
0.271029
0.271009
0.270806
0.270593
0.270535
0.270451
0.270392
0.270271
0.269911
0.269866
0.269813
0.269753
0.269749
0.269711
0.269619
0.269509
0.269505
0.269458
0.269376
0.269273
0.269269
0.269262
0.269241
0.269186
0.269153
0.269140
0.269095
0.268847
0.268829
0.268677
0.268613
0.268496
0.268432
0.268424
0.267971
0.267901
0.267849
0.267846
0.267741
0.267700
0.267461
0.267401
0.267382
0.267352
0.267347
0.267141
0.266988
0.266559
0.266476
0.266390
0.266354
0.266059
0.265977
0.265950
0.265828
0.265769
0.265714
0.265660
0.265337
0.265298
0.265259
0.265130
0.265116
0.265068
0.264986
0.264864
0.264715
0.264664
0.264652
0.264573
0.264525
0.264421
0.264348
0.264327
0.264306
0.263982
0.263667
0.263467
0.263179
0.263129
0.263064
0.262969
0.262946
0.262835
0.262715
0.262670
0.262582
0.262425
0.262410
0.262279
0.262249
0.262163
0.261760
0.261506
0.261308
0.261281
0.261224
0.261216
0.261084
0.260997
0.260942
0.260905
0.260799
0.260680
0.260644
0.260631
0.260403
0.260179
0.260177
0.260044
0.259885
0.259719
0.259684
0.259684
0.259301
0.259270
0.259160
0.259099
0.259025
0.258933
0.258720
0.258582
0.258504
0.258413
0.258397
0.258316
0.258310
0.258216
0.257963
0.257932
0.257826
0.257643
0.257506
0.257504
0.257351
0.257228
0.257181
0.257118
0.257113
0.257022
0.256956
0.256909
0.256729
0.256160
0.256154
0.256109
0.255946
0.255706
0.255435
0.255322
0.255258
0.255218
0.255210
0.255145
0.254844
0.254782
0.254731
0.254648
0.254636
0.254566
0.254504
0.254442
0.254406
0.254296
0.253957
0.253944
0.253702
0.253692
0.253609
0.253530
0.253523
0.253520
0.253475
0.253424
0.253407
0.253266
0.253251
0.253232
0.252943
0.252807
0.252550
0.252498
0.252495
0.252435
0.252420
0.252388
0.252244
0.252116
0.251997
0.251969
0.251918
0.251707
0.251699
0.251673
0.251622
0.251381
0.251340
0.251328
0.251301
0.251229
0.250908
0.250713
0.250676
0.250518
0.250507
0.250460
0.250433
0.250159
0.250152
0.250116
0.250097
0.249776
0.249765
0.249609
0.249562
0.249451
0.249394
0.249385
0.249366
0.249364
0.249363
0.249206
0.248923
0.248818
0.248732
0.248636
0.248586
0.248506
0.248395
0.248368
0.248314
0.248062
0.247947
0.247897
0.247714
0.247613
0.247508
0.247507
0.247456
0.247408
0.247107
0.246974
0.246772
0.246739
0.246724
0.246697
0.246648
0.246603
0.246506
0.246329
0.246238
0.245976
0.245872
0.245825
0.245703
0.245702
0.245608
0.245534
0.245388
0.245260
0.245250
0.245111
0.245062
0.244879
0.244858
0.244836
0.244758
0.244480
0.244453
0.244317
0.244223
0.244153
0.244145
0.244053
0.243973
0.243912
0.243784
0.243700
0.243637
0.243603
0.243498
0.243484
0.243418
0.243386
0.243373
0.243265
0.243233
0.242679
0.242674
0.242491
0.242393
0.242356
0.242306
0.242306
0.242295
0.242260
0.242064
0.242045
0.241980
0.241936
0.241774
0.241767
0.241486
0.241215
0.241188
0.240898
0.240839
0.240773
0.240667
0.240601
0.240532
0.240485
0.240484
0.240369
0.240289
0.240215
0.240093
0.240022
0.239994
0.239880
0.239834
0.239762
0.239694
0.239574
0.239461
0.239441
0.239380
0.239162
0.239125
0.239081
0.239032
0.239022
0.238861
0.238724
0.238506
0.238188
0.238041
0.238014
0.237895
0.237849
0.237580
0.237429
0.237384
0.237382
0.237365
0.237270
0.237174
0.237096
0.236889
0.236834
0.236776
0.236745
0.236731
0.236729
0.236682
0.236590
0.236553
0.236545
0.236406
0.236333
0.236332
0.236303
0.236278
0.236262
0.236217
0.236176
0.236134
0.235977
0.235880
0.235744
0.235737
0.235640
0.235597
0.235509
0.235468
0.235259
0.235246
0.235185
0.234935
0.234700
0.234533
0.234465
0.234244
0.233886
0.233776
0.233455
0.233252
0.233218
0.233151
0.233106
0.232647
0.232618
0.232415
0.232221
0.232032
0.231902
0.231826
0.231583
0.231581
0.231275
0.231175
0.231165
0.231129
0.230879
0.230873
0.230790
0.230442
0.230413
0.230224
0.230053
0.229911
0.229522
0.229324
0.229193
0.229036
0.228991
0.228940
0.228938
0.228805
0.228654
0.228335
0.228189
0.228101
0.228074
0.228036
0.227884
0.227838
0.227835
0.227754
0.227728
0.227594
0.227551
0.227494
0.227458
0.227305
0.227266
0.227171
0.227097
0.227000
0.226902
0.226816
0.226779
0.226656
0.226603
0.226475
0.226453
0.226279
0.226261
0.226254
0.226250
0.226062
0.225877
0.225672
0.225440
0.225410
0.225397
0.225326
0.225237
0.225086
0.224878
0.224773
0.224671
0.224591
0.224556
0.223974
0.223887
0.223867
0.223803
0.223801
0.223563
0.223526
0.223371
0.223183
0.223168
0.223028
0.222919
0.222897
0.222880
0.222810
0.222737
0.222517
0.222306
0.222296
0.222141
0.222079
0.222058
0.222055
0.221710
0.221685
0.221621
0.221611
0.221562
0.221514
0.221292
0.221171
0.221166
0.221117
0.221108
0.221062
0.221026
0.220791
0.220730
0.220713
0.220685
0.220474
0.220435
0.220411
0.220386
0.220366
0.220308
0.220211
0.220040
0.219832
0.219817
0.219799
0.219797
0.219702
0.219606
0.219526
0.219325
0.219273
0.218775
0.218758
0.218645
0.218533
0.218355
0.218312
0.218228
0.218215
0.218197
0.218146
0.217808
0.217663
0.217475
0.217424
0.217185
0.217169
0.217165
0.217025
0.216917
0.216900
0.216848
0.216728
0.216662
0.216461
0.216414
0.216165
0.216071
0.215997
0.215789
0.215777
0.215762
0.215708
0.215653
0.215569
0.215553
0.215525
0.215243
0.215157
0.215077
0.214866
0.214846
0.214836
0.214628
0.214591
0.214585
0.214492
0.214380
0.214367
0.214308
0.214303
0.214216
0.214180
0.214173
0.214085
0.214040
0.214004
0.213978
0.213969
0.213917
0.213794
0.213774
0.213765
0.213762
0.213744
0.213622
0.213466
0.213462
0.213297
0.212683
0.212668
0.212428
0.212373
0.211968
0.211964
0.211919
0.211917
0.211910
0.211759
0.211683
0.211606
0.211490
0.211424
0.211373
0.211244
0.211220
0.210874
0.210869
0.210845
0.210781
0.210720
0.210590
0.210468
0.210290
0.210201
0.210196
0.210003
0.210001
0.209736
0.209628
0.209512
0.209315
0.209051
0.209002
0.208967
0.208931
0.208919
0.208691
0.208316
0.208205
0.208157
0.208067
0.207738
0.207723
0.207672
0.207622
0.207590
0.207459
0.207350
0.207272
0.207208
0.207193
0.207147
0.206939
0.206912
0.206826
0.206764
0.206664
0.206602
0.206516
0.206506
0.206480
0.206350
0.206266
0.206224
0.205915
0.205913
0.205886
0.205696
0.205690
0.205684
0.205682
0.205622
0.205555
0.205447
0.205414
0.205279
0.205277
0.205226
0.205172
0.205164
0.205142
0.205054
0.204975
0.204915
0.204897
0.204847
0.204542
0.204423
0.204348
0.204339
0.204119
0.204078
0.204020
0.204005
0.203601
0.203274
0.203244
0.202875
0.202859
0.202818
0.202756
0.202747
0.202547
0.202531
0.202513
0.202510
0.202417
0.202299
0.201993
0.201942
0.201780
0.201693
0.201477
0.201152
0.201060
0.201041
0.201030
0.200739
0.200564
0.200321
0.200082
0.199977
0.199775
0.199592
0.199583
0.199402
0.199183
0.199167
0.199150
0.199009
0.198838
0.198787
0.198420
0.198372
0.198241
0.198186
0.198179
0.198049
0.197948
0.197839
0.197778
0.197735
0.197725
0.197572
0.197421
0.197248
0.197242
0.197151
0.197027
0.196949
0.196569
0.196543
0.196521
0.196490
0.196335
0.196330
0.196255
0.196115
0.196078
0.196052
0.196023
0.195843
0.195837
0.195595
0.195588
0.195575
0.195528
0.195429
0.195293
0.195249
0.195230
0.195045
0.194675
0.194600
0.194423
0.194379
0.194357
0.194340
0.194241
0.194178
0.194143
0.194028
0.193966
0.193946
0.193737
0.193412
0.193318
0.193096
0.193059
0.193058
0.193027
0.192878
0.192763
0.192655
0.192651
0.192651
0.192631
0.192452
0.192382
0.192316
0.192314
0.192146
0.192111
0.192006
0.191891
0.191840
0.191802
0.191691
0.191594
0.191511
0.191439
0.191413
0.191359
0.191268
0.191263
0.191164
0.190970
0.190888
0.190876
0.190812
0.190665
0.190536
0.190237
0.190154
0.190093
0.189783
0.189779
0.189709
0.189698
0.189655
0.189279
0.189267
0.188970
0.188865
0.188852
0.188822
0.188652
0.188563
0.188506
0.188406
0.188323
0.188268
0.188232
0.188053
0.188029
0.187953
0.187597
0.187411
0.187369
0.187315
0.187126
0.187087
0.187079
0.186994
0.186987
0.186968
0.186772
0.186732
0.186504
0.186483
0.186373
0.186352
0.186314
0.186145
0.186095
0.185758
0.185598
0.185592
0.185547
0.185475
0.185398
0.185260
0.185020
0.184904
0.184863
0.184718
0.184634
0.184589
0.184574
0.184430
0.184165
0.183964
0.183929
0.183671
0.183624
0.183623
0.183582
0.183523
0.183372
0.183313
0.183185
0.183168
0.183071
0.183037
0.182901
0.182647
0.182634
0.182538
0.182456
0.182418
0.182349
0.182348
0.182318
0.182290
0.182282
0.182137
0.181790
0.181690
0.181571
0.181384
0.181092
0.180914
0.180837
0.180556
0.180495
0.180301
0.180195
0.179811
0.179810
0.179772
0.179745
0.179657
0.179597
0.179591
0.179588
0.179431
0.179404
0.179403
0.179371
0.179314
0.179125
0.179123
0.179089
0.178913
0.178858
0.178845
0.178401
0.178333
0.178052
0.177973
0.177919
0.177914
0.177863
0.177839
0.177711
0.177684
0.177683
0.177543
0.177163
0.177056
0.176995
0.176895
0.176695
0.176587
0.176482
0.176205
0.176011
0.175650
0.175579
0.175469
0.175346
0.175147
0.175043
0.174924
0.174875
0.174738
0.174719
0.174536
0.174304
0.174118
0.173991
0.173944
0.173782
0.173702
0.173533
0.173366
0.173294
0.173063
0.172991
0.172965
0.172925
0.172895
0.172700
0.172217
0.172180
0.172092
0.171965
0.171721
0.171664
0.171109
0.170934
0.170573
0.170561
0.170510
0.170320
0.170315
0.169981
0.169881
0.169733
0.169170
0.169085
0.169011
0.168757
0.168644
0.168640
0.168622
0.168555
0.168424
0.168364
0.168336
0.168311
0.168291
0.168280
0.168030
0.167957
0.167843
0.167842
0.167779
0.167676
0.167612
0.167385
0.167127
0.166981
0.166933
0.166881
0.166825
0.166668
0.166578
0.166546
0.166504
0.166394
0.166225
0.166213
0.165916
0.165874
0.165847
0.165839
0.165705
0.165579
0.165540
0.165163
0.164837
0.164720
0.164666
0.164564
0.164503
0.164465
0.164237
0.164110
0.164011
0.163795
0.163764
0.163752
0.163380
0.163362
0.163046
0.162817
0.162736
0.162684
0.162678
0.162619
0.162516
0.162403
0.162386
0.162340
0.162305
0.162196
0.162157
0.162092
0.162086
0.162022
0.162020
0.161611
0.161565
0.161530
0.161400
0.161271
0.161190
0.161156
0.161097
0.161079
0.161053
0.161038
0.161008
0.161005
0.160792
0.160765
0.160368
0.160317
0.160305
0.160105
0.160051
0.159910
0.159763
0.159566
0.159553
0.159320
0.159305
0.159226
0.158979
0.158930
0.158740
0.158554
0.158543
0.158431
0.158345
0.158315
0.158164
0.157816
0.157752
0.157404
0.157390
0.157320
0.157074
0.156982
0.156972
0.156954
0.156940
0.156544
0.156183
0.156050
0.156034
0.155970
0.155812
0.155638
0.155606
0.155438
0.155410
0.155219
0.155136
0.155089
0.154932
0.154821
0.154764
0.154665
0.154533
0.154448
0.154268
0.153635
0.153573
0.153475
0.153458
0.153415
0.153380
0.153302
0.153205
0.153203
0.153123
0.152942
0.152748
0.152612
0.152520
0.152355
0.152197
0.152032
0.151869
0.151474
0.151380
0.151311
0.151057
0.151003
0.150976
0.150845
0.150769
0.150767
0.150747
0.150688
0.150551
0.150213
0.150157
0.149981
0.149810
0.149625
0.149599
0.149593
0.149475
0.149330
0.149107
0.148838
0.148781
0.148728
0.148682
0.148616
0.148221
0.147967
0.147864
0.147812
0.147770
0.147731
0.147726
0.147540
0.147422
0.147362
0.147164
0.147009
0.147008
0.146657
0.146562
0.146526
0.146511
0.146503
0.146459
0.146454
0.146376
0.146348
0.146341
0.146228
0.146025
0.145945
0.145865
0.145680
0.145570
0.145450
0.145258
0.145229
0.145166
0.145018
0.144937
0.144883
0.144803
0.144557
0.144521
0.144441
0.144196
0.144121
0.143966
0.143809
0.143749
0.143659
0.143560
0.143444
0.143431
0.143207
0.142914
0.142868
0.142832
0.142820
0.142766
0.142651
0.142433
0.142328
0.142326
0.142320
0.142065
0.141911
0.141891
0.141641
0.141575
0.141541
0.141430
0.141352
0.141303
0.141298
0.141281
0.141009
0.140966
0.140907
0.139995
0.139979
0.139918
0.139863
0.139625
0.139482
0.139422
0.139208
0.139060
0.139005
0.138837
0.138753
0.138697
0.138663
0.138650
0.138454
0.138316
0.138288
0.138219
0.138140
0.137991
0.137708
0.137404
0.137046
0.137012
0.137004
0.136933
0.136925
0.136840
0.136665
0.136653
0.136637
0.136498
0.136194
0.136105
0.135876
0.135455
0.135033
0.134985
0.134942
0.134833
0.134699
0.134621
0.134469
0.134445
0.134436
0.134410
0.134392
0.134374
0.134334
0.134331
0.134318
0.134182
0.133893
0.133795
0.133660
0.133649
0.133550
0.133178
0.133162
0.133093
0.133059
0.133037
0.133024
0.132874
0.132822
0.132654
0.132602
0.132407
0.132254
0.132172
0.131855
0.131726
0.131683
0.131481
0.131450
0.131434
0.131269
0.131206
0.131057
0.130874
0.130859
0.130476
0.130396
0.130309
0.130134
0.129888
0.129808
0.129782
0.129660
0.129391
0.129293
0.129219
0.129159
0.129000
0.128893
0.128869
0.128622
0.128376
0.128343
0.128319
0.128263
0.128222
0.128205
0.128149
0.127970
0.127779
0.127467
0.127156
0.127145
0.127121
0.126739
0.126529
0.126429
0.126364
0.126361
0.126313
0.126290
0.126263
0.125992
0.125862
0.125763
0.125553
0.125430
0.125350
0.125345
0.125208
0.125167
0.125038
0.124864
0.124640
0.124588
0.124520
0.124431
0.124315
0.124190
0.124115
0.124109
0.123884
0.123760
0.123689
0.123555
0.123227
0.123058
0.122788
0.122770
0.122669
0.122594
0.122381
0.122291
0.122263
0.122083
0.121893
0.121306
0.121208
0.120920
0.120821
0.120765
0.120706
0.120633
0.120580
0.120346
0.120291
0.120240
0.119877
0.119776
0.119650
0.119615
0.119504
0.119346
0.119326
0.119213
0.119090
0.119063
0.119056
0.119012
0.118963
0.118859
0.118825
0.118789
0.118768
0.118338
0.118220
0.118132
0.118109
0.117792
0.117698
0.117268
0.117174
0.117001
0.116816
0.116692
0.116550
0.116325
0.116116
0.115914
0.115907
0.115485
0.115211
0.115007
0.114924
0.114779
0.114723
0.114630
0.114595
0.114580
0.114383
0.114088
0.114002
0.113938
0.113901
0.113769
0.113753
0.113704
0.113619
0.113523
0.113275
0.112884
0.112762
0.112738
0.112597
0.112355
0.112281
0.112159
0.112149
0.112124
0.111937
0.111630
0.111626
0.111454
0.111191
0.111181
0.111110
0.111028
0.110926
0.110808
0.110767
0.110719
0.110311
0.110218
0.110061
0.109462
0.109336
0.109290
0.109136
0.109117
0.109049
0.108887
0.108856
0.108852
0.108740
0.108463
0.108415
0.108145
0.107929
0.107900
0.107216
0.106968
0.106724
0.106547
0.106420
0.106256
0.106218
0.105924
0.105835
0.105350
0.105323
0.105319
0.105067
0.105061
0.104847
0.104543
0.104453
0.104440
0.104422
0.104306
0.104189
0.104067
0.103852
0.103786
0.103588
0.103560
0.103506
0.103496
0.103322
0.102925
0.102782
0.102763
0.102508
0.102241
0.102153
0.101687
0.101526
0.101524
0.101507
0.100989
0.100833
0.100693
0.100580
0.100422
0.100354
0.100320
0.100242
0.100069
0.100022
0.099968
0.099915
0.099735
0.099622
0.099354
0.099351
0.099264
0.098919
0.098856
0.098742
0.098592
0.098138
0.098036
0.097963
0.097780
0.097507
0.097470
0.097325
0.096913
0.096871
0.096702
0.096652
0.096615
0.096590
0.096077
0.095926
0.095916
0.095852
0.095721
0.095313
0.094985
0.094771
0.094548
0.093618
0.093298
0.093009
0.092579
0.091586
0.090885
0.090870
0.090851
0.090791
0.090653
0.090599
0.090501
0.090270
0.090215
0.090018
0.089723
0.089501
0.089028
0.088908
0.088805
0.088805
0.088726
0.088721
0.088662
0.088640
0.088512
0.088063
0.087665
0.086875
0.086863
0.086813
0.086577
0.086260
0.086091
0.085034
0.084432
0.083862
0.083595
0.083374
0.083346
0.083295
0.083232
0.083123
0.082970
0.082742
0.082523
0.082501
0.082376
0.082338
0.081993
0.081869
0.081704
0.081629
0.081623
0.081415
0.080986
0.080853
0.080779
0.080674
0.080674
0.080504
0.080315
0.080309
0.080217
0.079887
0.079851
0.079573
0.079441
0.079276
0.079018
0.078986
0.078214
0.078091
0.078047
0.077495
0.077478
0.077439
0.077407
0.076693
0.076626
0.076379
0.076226
0.076138
0.075842
0.075695
0.075601
0.075423
0.075364
0.075360
0.075009
0.074995
0.074932
0.074889
0.074717
0.074487
0.074399
0.074388
0.074217
0.073698
0.073607
0.073243
0.073123
0.072903
0.072465
0.072460
0.072271
0.072185
0.071841
0.071486
0.071388
0.071123
0.070925
0.070880
0.070724
0.070531
0.070490
0.070307
0.070115
0.069655
0.069371
0.068746
0.068584
0.068560
0.068447
0.068307
0.068097
0.068054
0.067731
0.067682
0.067491
0.067479
0.067126
0.066690
0.066641
0.066612
0.066609
0.066351
0.066332
0.066295
0.066121
0.066019
0.065903
0.065720
0.065658
0.064665
0.064486
0.064459
0.063962
0.063746
0.063433
0.062991
0.062954
0.062901
0.062713
0.062413
0.062300
0.061982
0.061422
0.061068
0.061046
0.061017
0.060923
0.060894
0.060867
0.060373
0.060298
0.060183
0.060183
0.060174
0.059614
0.059505
0.059409
0.059039
0.059037
0.059001
0.058799
0.058264
0.057849
0.057239
0.057211
0.056953
0.056881
0.056204
0.055411
0.055166
0.054799
0.054235
0.054170
0.053595
0.053258
0.053018
0.052937
0.052402
0.052031
0.051976
0.051652
0.051509
0.051039
0.050950
0.050724
0.050282
0.049738
0.049479
0.049209
0.049138
0.049093
0.048073
0.047984
0.047937
0.047249
0.047166
0.047151
0.046903
0.046736
0.046665
0.046466
0.045636
0.045380
0.045343
0.045281
0.045189
0.045188
0.043749
0.043595
0.043575
0.042921
0.042757
0.042430
0.042128
0.042028
0.041411
0.041301
0.041078
0.040527
0.040524
0.040295
0.040163
0.039740
0.039200
0.038467
0.038395
0.037474
0.037147
0.037135
0.036441
0.036274
0.035955
0.035474
0.035277
0.035037
0.034682
0.034681
0.034480
0.033651
0.032213
0.032103
0.030866
0.030589
0.030020
0.029705
0.029285
0.028712
0.027943
0.027618
0.027437
0.027231
0.025486
0.024706
0.023657
0.023323
0.023019
0.019689
0.019508
0.019041
0.018955
0.018693
0.017117
0.015543
0.014625
0.012681
0.011811
0.009813
0.006737
0.002517
0.000956
