0.992788
0.991055
0.988306
0.981438
0.980467
0.977828
0.976007
0.973624
0.970932
0.970352
0.969003
0.968877
0.967797
0.961876
0.959030
0.958837
0.956796
0.954246
0.953284
0.945217
0.943261
0.938587
0.935407
0.934451
0.934408
0.934231
0.933845
0.933328
0.930682
0.929102
0.923269
0.922312
0.921522
0.918395
0.917630
0.915135
0.915040
0.914588
0.914314
0.913840
0.913438
0.911560
0.904525
0.903059
0.902342
0.901762
0.901384
0.900671
0.899604
0.897277
0.896595
0.895410
0.889653
0.889197
0.886142
0.885091
0.884044
0.883414
0.883227
0.882266
0.881321
0.880275
0.878168
0.877762
0.877337
0.875593
0.872728
0.870908
0.870788
0.868036
0.867358
0.867262
0.866696
0.865431
0.862209
0.861331
0.861234
0.860677
0.860662
0.858872
0.858712
0.856201
0.854946
0.854454
0.854015
0.853964
0.852871
0.850888
0.849908
0.849354
0.848787
0.847641
0.845832
0.845125
0.844827
0.843753
0.841852
0.841725
0.841085
0.840708
0.838327
0.837121
0.835149
0.834575
0.834546
0.833335
0.830671
0.829957
0.829768
0.827991
0.827898
0.827571
0.827139
0.823398
0.820953
0.820399
0.817398
0.817305
0.815808
0.815581
0.814755
0.813684
0.811336
0.810435
0.808933
0.808789
0.808554
0.808475
0.808036
0.806607
0.803853
0.802725
0.801817
0.801789
0.801654
0.800292
0.797818
0.797316
0.795740
0.794287
0.793441
0.792973
0.790394
0.789384
0.789374
0.788549
0.784799
0.783071
0.783037
0.782913
0.781118
0.780882
0.778289
0.776796
0.776389
0.773725
0.773595
0.771505
0.770930
0.769911
0.769099
0.766823
0.765576
0.764790
0.761257
0.761120
0.760482
0.756524
0.756327
0.755065
0.754005
0.752906
0.752702
0.750541
0.750200
0.750047
0.748353
0.748069
0.748025
0.745911
0.745366
0.742254
0.741338
0.741258
0.740454
0.740099
0.739683
0.739041
0.738834
0.738729
0.738604
0.737847
0.736307
0.735801
0.731979
0.731366
0.731266
0.731127
0.727603
0.726949
0.725856
0.725652
0.725150
0.724963
0.724296
0.724159
0.723025
0.723021
0.722656
0.721647
0.721066
0.719621
0.716477
0.716447
0.716162
0.716044
0.715495
0.714522
0.713568
0.712885
0.711837
0.711812
0.710973
0.710508
0.709648
0.709132
0.708108
0.707483
0.707282
0.706949
0.706710
0.706662
0.706190
0.705816
0.703367
0.703189
0.702622
0.701618
0.701548
0.700943
0.700883
0.700105
0.700099
0.699929
0.699798
0.698554
0.698033
0.697074
0.696809
0.694886
0.693138
0.691404
0.689463
0.689400
0.687946
0.686760
0.686657
0.680467
0.679944
0.674408
0.674154
0.673903
0.673706
0.672211
0.671577
0.671308
0.670834
0.669263
0.669102
0.668812
0.668038
0.666483
0.666353
0.666214
0.665824
0.664531
0.664414
0.662953
0.662670
0.662316
0.662285
0.662155
0.660866
0.660637
0.660387
0.659774
0.659730
0.659688
0.659661
0.658961
0.655796
0.655597
0.655204
0.655144
0.654836
0.654318
0.653240
0.652853
0.652797
0.650434
0.648416
0.648171
0.647749
0.646566
0.641855
0.641841
0.639391
0.638853
0.638731
0.638404
0.638265
0.638217
0.637929
0.636505
0.634465
0.634161
0.633970
0.632649
0.632164
0.631546
0.631541
0.631275
0.630292
0.630022
0.629719
0.627468
0.626919
0.626716
0.626378
0.625966
0.625598
0.624388
0.623961
0.623519
0.623431
0.622633
0.620620
0.620480
0.619363
0.619142
0.617840
0.617364
0.616454
0.616212
0.615733
0.615008
0.614221
0.613612
0.613086
0.612052
0.610853
0.610749
0.610299
0.608836
0.608810
0.608255
0.607948
0.606208
0.605683
0.605330
0.604104
0.603911
0.603852
0.599713
0.597639
0.597185
0.596962
0.595663
0.595149
0.595118
0.593652
0.593574
0.593504
0.592534
0.591683
0.591004
0.589510
0.589090
0.587870
0.587526
0.584273
0.583405
0.582679
0.582185
0.581241
0.581083
0.580759
0.580671
0.580280
0.579208
0.578469
0.578308
0.578107
0.577772
0.575299
0.572659
0.572508
0.572077
0.571721
0.571571
0.570316
0.568713
0.568390
0.566411
0.566021
0.565257
0.564631
0.563522
0.563108
0.562832
0.562680
0.562679
0.562426
0.561663
0.561517
0.561399
0.559830
0.557051
0.556618
0.555121
0.553359
0.553184
0.552731
0.551901
0.548899
0.548058
0.546295
0.544481
0.544477
0.544213
0.544066
0.543395
0.543024
0.542933
0.542301
0.541606
0.541314
0.540309
0.540170
0.539173
0.538121
0.537796
0.537664
0.534425
0.533965
0.533080
0.532840
0.531884
0.531113
0.530350
0.530256
0.529951
0.529819
0.529557
0.528074
0.527999
0.527201
0.526203
0.525775
0.525173
0.524838
0.524421
0.523845
0.523628
0.523468
0.522939
0.521669
0.520852
0.520208
0.519824
0.519494
0.519091
0.519062
0.518673
0.518535
0.518323
0.518109
0.517322
0.514352
0.512993
0.512845
0.512684
0.512013
0.511829
0.510002
0.509609
0.509478
0.508715
0.508493
0.508247
0.508205
0.506779
0.506644
0.505806
0.503742
0.502696
0.502684
0.502386
0.501590
0.501480
0.500262
0.499727
0.498739
0.498414
0.497571
0.497161
0.496931
0.496753
0.496247
0.493949
0.493882
0.492030
0.489953
0.489170
0.488963
0.487884
0.487658
0.487547
0.487033
0.486818
0.485534
0.485313
0.485146
0.483991
0.483974
0.481496
0.479404
0.478702
0.478510
0.477842
0.477786
0.476850
0.476627
0.476005
0.475970
0.475854
0.475805
0.475264
0.474920
0.474108
0.474042
0.471835
0.470889
0.470743
0.470670
0.470625
0.470622
0.469954
0.468741
0.468006
0.467128
0.466204
0.465750
0.464942
0.464744
0.464665
0.463604
0.463340
0.462485
0.462387
0.462199
0.461091
0.460590
0.459950
0.459570
0.457539
0.457478
0.455657
0.455567
0.454346
0.454292
0.453151
0.453099
0.452491
0.451732
0.450871
0.450646
0.450298
0.450231
0.448790
0.447053
0.446752
0.446565
0.445539
0.444355
0.444185
0.443364
0.442755
0.441704
0.441427
0.441398
0.439053
0.438195
0.434623
0.434611
0.434402
0.434318
0.433686
0.432550
0.432262
0.431739
0.429706
0.429287
0.427796
0.426777
0.426576
0.426239
0.425874
0.425002
0.424883
0.422745
0.421953
0.420873
0.419775
0.419106
0.418763
0.418357
0.417563
0.416937
0.414827
0.414493
0.413651
0.412608
0.411867
0.411539
0.411132
0.410672
0.409583
0.409207
0.409001
0.408837
0.408644
0.408565
0.406770
0.406537
0.405832
0.405001
0.404751
0.403782
0.403288
0.402446
0.401689
0.401066
0.400641
0.400394
0.399487
0.397873
0.397755
0.397349
0.396999
0.396739
0.396027
0.395976
0.395355
0.395127
0.394799
0.392553
0.392211
0.391779
0.391484
0.391189
0.390247
0.389760
0.389571
0.388855
0.388069
0.387909
0.387490
0.385645
0.384774
0.384502
0.383502
0.382968
0.380592
0.380262
0.380063
0.378862
0.378224
0.377356
0.376398
0.375478
0.375395
0.374926
0.374663
0.374312
0.374304
0.373903
0.373854
0.372174
0.371072
0.368880
0.367382
0.366050
0.365419
0.363935
0.362568
0.362389
0.360804
0.357712
0.357157
0.356330
0.356297
0.355752
0.355452
0.355315
0.354100
0.354075
0.353961
0.353740
0.352906
0.352028
0.351808
0.351558
0.350900
0.350355
0.348941
0.348935
0.348147
0.345520
0.344208
0.341196
0.340310
0.338309
0.337969
0.337560
0.337064
0.336777
0.336579
0.336279
0.335547
0.335009
0.334396
0.334131
0.333909
0.333484
0.333046
0.331529
0.330438
0.330286
0.330224
0.328732
0.328704
0.328179
0.327235
0.326883
0.325955
0.325120
0.324852
0.324280
0.323987
0.323342
0.322333
0.322032
0.320911
0.319286
0.318752
0.318261
0.317883
0.317271
0.316976
0.316337
0.315766
0.314315
0.313873
0.313734
0.313151
0.309814
0.309450
0.308659
0.308571
0.308499
0.308095
0.307791
0.307321
0.307254
0.306773
0.306577
0.306299
0.302977
0.302345
0.302311
0.299654
0.299253
0.298573
0.298225
0.296938
0.296184
0.295847
0.294831
0.294142
0.293358
0.291784
0.290069
0.289932
0.288840
0.286652
0.284919
0.283963
0.283206
0.282410
0.282272
0.281396
0.280023
0.279274
0.278607
0.278088
0.277915
0.276460
0.276308
0.275160
0.274649
0.274368
0.274155
0.272989
0.272948
0.271735
0.271405
0.270366
0.270010
0.269973
0.268150
0.266689
0.265790
0.265430
0.265037
0.264522
0.262636
0.261018
0.260859
0.260367
0.258530
0.256436
0.255903
0.255154
0.254072
0.253777
0.253495
0.250544
0.250410
0.249342
0.249319
0.248547
0.248414
0.245861
0.245179
0.244221
0.243833
0.242334
0.241264
0.240958
0.239730
0.239010
0.237370
0.236558
0.236362
0.234506
0.234131
0.233000
0.231602
0.231219
0.230969
0.230571
0.229329
0.228746
0.226838
0.226355
0.223910
0.223211
0.222463
0.222146
0.221184
0.220001
0.218681
0.218238
0.218104
0.217343
0.212906
0.210604
0.210118
0.206224
0.205472
0.204991
0.204089
0.203335
0.202407
0.202383
0.201962
0.201362
0.200720
0.198303
0.196655
0.195048
0.191615
0.191212
0.190672
0.189924
0.189306
0.187006
0.186439
0.186042
0.183441
0.181572
0.180843
0.180627
0.179692
0.178230
0.177694
0.177038
0.174319
0.174111
0.174019
0.172272
0.171328
0.170858
0.169959
0.168124
0.167221
0.167084
0.166135
0.165778
0.164837
0.164619
0.164176
0.164048
0.161958
0.160994
0.159818
0.157257
0.156054
0.155345
0.153421
0.152430
0.152055
0.151713
0.150536
0.149862
0.149022
0.148487
0.144576
0.144043
0.143709
0.142765
0.138130
0.137894
0.134617
0.133293
0.132314
0.132053
0.129964
0.128873
0.128666
0.128602
0.128145
0.126409
0.124648
0.123730
0.123692
0.120877
0.120308
0.117924
0.117815
0.117709
0.116915
0.116890
0.116238
0.112609
0.112037
0.110167
0.108941
0.108667
0.107722
0.104196
0.103542
0.101809
0.097393
0.095975
0.095904
0.095066
0.093183
0.091457
0.090505
0.089699
0.085041
0.083652
0.081587
0.081196
0.076950
0.076937
0.075173
0.073601
0.073045
0.070190
0.069220
0.068303
0.065249
0.037731
0.034288
0.027653
0.027618
0.008251
